30 200
1 6
17 28
16 8
1 24
18 29
12 24
25 8
27 6
12 25
19 23
27 28
10 17
7 28
13 18
23 24
21 0
16 29
9 1
4 27
17 19
17 6
5 0
5 4
1 11
17 0
20 26
12 5
27 26
6 5
6 15
14 24
8 15
29 12
29 16
5 23
20 14
23 9
25 10
6 8
5 2
10 13
26 18
12 26
13 11
16 6
15 19
4 26
23 3
5 22
7 22
7 8
18 17
25 16
26 4
16 23
17 2
16 26
5 7
28 17
24 9
9 25
17 15
10 16
2 8
4 5
1 21
3 18
13 23
27 0
13 20
23 21
21 15
4 16
2 20
10 2
21 1
27 10
11 21
8 26
24 18
19 3
23 4
20 27
7 1
19 8
16 2
4 9
21 14
22 7
22 28
18 8
12 4
29 26
25 20
26 0
20 29
24 7
24 23
14 4
24 20
20 2
6 1
25 15
18 19
19 12
15 18
23 5
13 16
6 12
19 7
29 6
6 16
11 2
20 22
15 16
18 28
21 25
22 19
28 29
24 5
17 7
28 22
6 26
3 16
16 24
11 10
20 10
13 3
24 15
1 10
0 21
5 28
14 25
21 16
19 22
0 25
12 13
22 2
5 20
18 27
26 14
7 15
14 11
15 13
29 4
16 7
4 17
16 11
20 18
25 22
11 15
5 9
16 12
20 0
29 14
8 13
3 21
8 1
17 14
5 12
10 0
21 11
2 12
22 21
10 14
29 17
8 0
13 25
4 6
2 21
0 20
24 0
4 19
16 19
6 7
21 17
23 16
29 24
20 5
28 18
2 23
14 3
27 25
12 28
21 19
23 26
10 20
22 13
25 18
9 29
21 2
11 23
5 11
22 27
22 20
18 12
3 11
19 17
5 14
25 27
6 13
