116 2122
34 61
75 72
67 0
103 9
55 99
45 94
90 41
13 67
87 66
78 94
108 14
26 60
59 22
74 3
70 49
52 75
19 84
10 91
8 24
54 53
67 97
33 9
65 21
69 80
0 25
58 54
61 46
15 104
37 77
27 112
71 53
24 54
0 61
1 103
67 19
18 10
56 21
87 75
30 47
48 33
21 18
93 62
35 104
98 109
70 112
66 48
73 103
11 15
101 22
62 76
43 69
40 110
65 89
97 24
45 27
35 106
3 41
12 51
107 4
60 87
30 82
30 108
104 87
40 75
54 36
107 18
55 95
67 104
56 8
86 35
74 0
2 19
29 87
101 88
98 42
39 66
2 95
6 56
66 73
29 14
56 95
53 80
108 80
42 29
10 32
89 41
33 24
77 75
14 6
96 65
112 14
4 21
22 51
99 31
36 20
104 60
75 31
0 66
64 113
7 20
23 83
65 36
12 29
83 39
66 39
98 0
28 58
43 110
95 74
4 29
3 89
19 92
9 68
93 4
44 61
73 24
14 92
73 45
29 3
37 57
52 61
107 43
103 82
110 61
89 28
108 55
95 112
37 74
29 89
7 18
39 35
92 58
30 74
85 4
36 34
80 76
73 84
31 88
110 20
57 104
6 81
68 63
91 113
50 77
10 50
94 7
59 110
63 39
43 49
71 65
109 9
96 69
17 54
71 114
19 27
60 40
23 2
98 53
106 41
24 82
45 112
53 113
105 68
113 23
98 90
10 109
102 112
96 18
22 36
36 81
54 95
109 40
101 50
25 67
25 101
22 95
18 74
5 102
26 106
81 85
56 75
15 21
113 69
8 50
95 41
78 47
93 7
39 67
32 58
101 23
57 38
66 4
105 111
26 98
88 56
96 28
29 55
19 29
111 85
6 109
6 83
1 82
69 51
68 72
5 18
51 63
71 21
60 86
56 62
24 12
88 76
76 86
66 16
14 21
60 37
61 114
20 34
72 110
12 34
112 64
32 8
48 36
114 71
45 15
4 66
64 12
87 50
62 109
106 46
3 15
8 100
69 78
39 107
0 48
30 1
49 19
114 3
55 51
69 65
84 58
78 30
43 80
44 50
95 44
30 77
69 70
62 83
84 63
38 95
109 44
112 13
84 79
36 112
94 4
100 43
41 33
71 99
25 70
20 23
63 5
109 22
47 45
76 21
102 31
36 73
10 82
75 74
92 112
83 93
8 88
64 97
105 37
108 65
104 31
17 43
22 43
28 81
101 69
43 78
98 86
57 54
85 53
51 25
21 6
69 39
48 64
103 43
50 29
112 22
109 15
29 103
71 82
105 20
34 21
110 113
104 7
82 61
12 92
42 21
46 30
80 14
42 2
79 102
9 17
102 44
54 11
13 19
13 50
60 89
70 38
33 21
20 28
93 6
29 37
9 83
86 75
17 113
71 78
11 39
2 9
5 107
66 31
48 38
36 110
77 49
58 97
70 62
110 98
59 98
6 44
24 27
80 93
55 44
109 24
81 12
93 16
19 51
88 109
48 67
65 96
95 59
78 52
103 114
65 11
26 89
14 10
34 39
89 67
53 67
13 38
40 84
32 45
75 49
61 76
51 11
29 39
53 44
112 59
97 49
109 13
109 60
27 58
75 2
86 76
22 12
30 96
66 78
68 47
68 102
3 63
64 41
7 76
26 34
0 5
17 76
17 88
17 61
6 52
57 21
17 51
34 85
105 40
91 110
86 22
94 108
15 78
99 105
33 14
85 19
105 0
68 19
95 75
25 0
4 84
81 29
114 19
90 101
36 38
64 50
42 22
93 38
114 82
47 64
93 65
96 50
80 105
64 108
6 86
65 23
11 54
84 107
35 89
77 1
12 68
94 21
46 37
110 101
66 64
113 13
29 41
38 25
0 3
0 8
77 15
44 98
83 102
95 73
64 0
73 67
29 100
32 73
43 44
106 16
37 110
9 21
99 7
10 21
65 54
20 32
80 26
32 49
34 8
91 57
74 35
102 47
86 51
89 100
80 66
25 45
90 20
46 75
93 107
15 26
80 89
113 22
112 55
82 1
37 62
1 49
78 107
61 5
38 99
32 110
73 86
48 60
89 97
5 106
34 40
35 51
70 16
46 39
21 76
4 89
1 106
106 47
51 83
15 51
63 35
67 61
60 66
99 101
38 81
21 86
78 105
108 74
47 39
2 79
45 55
74 56
26 96
29 104
70 77
46 14
61 104
54 65
101 2
30 95
26 23
112 8
55 109
109 76
47 71
35 103
58 70
100 52
6 78
102 15
79 44
5 86
20 42
35 82
111 3
53 62
96 112
51 67
111 48
15 61
6 39
74 87
90 28
59 13
6 48
31 58
52 22
24 34
28 39
39 1
52 96
74 80
51 114
37 38
63 56
18 80
29 15
91 42
43 106
11 12
84 42
66 54
76 29
107 58
39 85
10 8
18 50
1 94
68 22
113 43
106 12
34 69
101 75
106 54
13 4
108 11
114 9
67 21
54 110
6 30
103 45
34 18
68 46
66 25
106 29
27 9
82 10
65 16
80 25
95 68
68 2
22 73
56 102
112 92
24 58
65 29
45 114
109 50
105 89
61 1
91 54
112 33
72 77
50 20
110 15
51 87
72 89
56 68
91 94
45 63
61 38
62 79
9 97
20 24
10 107
33 11
59 4
105 21
89 63
5 62
1 90
61 91
16 10
70 52
17 81
7 55
3 98
22 44
54 113
5 89
45 83
24 72
108 76
88 17
16 83
28 92
53 66
90 111
53 24
84 57
7 99
32 102
44 71
68 85
7 96
99 104
54 31
100 93
36 9
79 69
60 99
41 28
93 11
28 98
21 49
88 1
18 65
4 70
23 53
90 97
106 67
58 9
42 80
16 108
11 74
44 60
57 84
25 37
40 10
45 38
92 98
77 58
10 89
20 3
3 110
54 16
5 94
42 19
110 0
71 88
43 11
23 30
29 83
7 32
48 0
93 0
42 24
80 33
23 52
63 23
109 85
65 72
80 49
36 12
4 65
103 86
89 42
36 15
54 109
92 34
98 92
58 66
9 13
82 78
32 29
71 86
22 15
16 80
107 90
7 94
95 47
81 41
14 77
37 18
75 1
13 55
83 32
15 13
73 78
74 30
64 96
57 20
23 11
81 100
2 114
77 36
28 35
80 16
91 98
23 43
65 102
61 55
113 60
98 16
3 37
33 101
77 94
105 76
71 56
99 48
96 43
24 74
22 101
23 98
70 17
105 25
38 80
5 15
79 54
9 96
83 94
33 13
26 13
41 98
68 25
100 27
5 11
27 24
40 51
72 10
12 45
55 83
32 23
100 71
84 13
15 55
19 37
109 8
25 16
102 57
91 47
49 6
103 108
113 0
3 13
19 73
102 39
77 73
55 17
18 114
112 79
7 75
96 108
38 26
14 83
42 109
84 20
11 114
112 103
53 10
4 58
82 71
13 105
17 26
87 43
76 109
88 62
75 7
28 2
15 39
114 111
3 75
96 86
80 107
43 79
85 14
98 61
106 45
36 30
45 33
75 55
76 100
97 43
49 101
95 105
76 84
110 26
84 109
60 92
40 109
98 63
7 47
22 63
109 103
38 36
76 78
110 96
21 72
88 11
30 112
68 64
70 47
18 112
112 21
99 72
29 25
55 34
63 87
38 107
69 79
79 78
79 36
85 25
36 54
11 62
61 78
65 109
21 97
95 20
11 89
114 55
112 6
106 100
5 32
22 84
98 78
35 110
9 27
70 86
16 35
76 57
75 36
111 14
89 48
19 56
43 90
78 75
14 78
31 23
95 8
37 47
114 15
34 4
75 103
91 3
16 3
17 6
88 103
38 65
7 98
72 52
66 43
101 90
49 41
33 37
88 66
102 20
95 78
68 1
48 96
40 4
15 103
90 77
16 104
114 91
77 96
52 103
86 112
89 107
24 57
20 110
89 96
54 46
41 35
70 81
97 109
72 35
7 101
65 48
114 50
70 74
109 87
24 71
57 23
30 36
47 57
99 86
61 99
37 43
18 42
112 87
22 82
103 87
40 107
18 106
50 17
28 15
6 25
11 56
35 48
85 97
100 30
61 9
33 56
22 0
95 7
64 38
80 39
94 34
67 35
103 74
37 69
66 60
58 113
33 97
21 0
49 38
27 62
86 13
90 81
96 77
34 26
36 6
113 34
64 46
85 36
37 14
70 2
54 42
69 1
22 114
27 59
45 97
68 75
71 45
114 66
14 56
90 87
32 69
74 18
107 48
11 97
88 105
101 5
12 40
91 53
7 19
54 49
81 17
63 98
112 30
68 38
43 70
63 41
108 69
114 45
17 69
78 38
47 22
104 26
107 10
44 48
27 47
43 53
42 101
104 16
20 37
4 56
38 34
70 55
25 99
84 16
76 1
47 92
61 19
25 51
105 39
81 76
26 30
100 99
88 101
6 21
22 18
28 105
77 71
101 10
83 53
108 39
75 47
67 1
112 43
18 4
100 8
59 21
104 55
1 83
34 70
51 89
67 82
39 111
15 101
6 42
48 42
18 32
85 6
109 4
62 54
54 107
102 10
61 6
101 36
113 80
30 9
99 56
38 83
67 37
94 19
45 6
97 96
110 43
114 25
28 54
106 34
82 37
75 86
25 106
105 112
112 70
69 45
61 64
26 7
75 34
18 1
71 104
114 73
104 18
67 51
99 49
4 3
50 87
57 114
92 88
22 30
95 111
63 2
86 25
74 103
109 106
85 38
28 78
95 14
1 91
105 43
28 62
8 40
20 6
107 32
56 48
93 17
46 9
113 84
110 74
7 30
110 36
69 67
34 14
45 99
69 52
99 79
108 45
86 56
83 106
23 94
18 16
40 30
61 112
106 88
61 2
68 67
14 54
46 79
37 44
4 20
25 58
92 18
60 72
74 1
44 49
41 101
105 78
10 31
114 92
98 17
101 73
57 47
66 75
104 80
51 88
69 27
93 78
62 39
44 21
36 47
71 6
4 94
51 19
19 67
65 46
18 67
80 48
77 112
38 114
48 52
104 28
27 71
49 48
43 93
78 18
45 29
53 73
25 29
80 51
8 78
98 54
17 28
74 85
86 17
113 75
60 23
63 71
3 101
25 112
29 72
83 15
98 95
59 62
25 81
7 44
10 39
112 52
81 66
70 76
44 8
62 1
38 13
111 24
76 104
62 7
4 73
53 41
82 103
100 67
24 47
63 74
15 27
72 82
54 78
95 10
105 5
35 16
11 14
10 40
90 75
4 36
95 61
88 65
29 69
27 50
48 71
5 87
78 5
91 96
3 36
37 83
22 39
56 59
18 64
1 34
47 69
102 4
10 80
93 69
42 16
61 54
102 14
94 106
49 111
5 50
82 76
94 3
29 43
39 88
5 109
100 75
27 54
41 38
97 54
102 99
61 109
34 12
86 20
26 81
101 54
54 17
5 67
15 93
7 68
106 81
57 55
30 54
7 102
87 15
63 75
97 59
8 79
20 105
88 95
16 88
14 89
82 45
41 90
75 51
86 73
76 20
87 72
53 31
105 73
42 11
39 9
52 101
36 105
30 19
104 32
89 26
22 33
58 107
50 41
4 33
74 111
75 33
42 84
50 19
83 47
22 104
29 16
70 114
10 12
39 92
71 62
78 57
38 77
79 106
111 12
8 101
30 49
80 101
91 81
43 111
86 80
32 88
32 81
1 26
76 6
95 40
99 92
98 107
86 26
4 30
86 107
42 7
57 99
37 26
78 74
20 98
18 48
88 90
92 84
78 7
60 94
78 6
1 110
45 87
36 108
11 92
61 59
104 6
53 82
59 45
16 97
97 76
71 50
50 44
90 92
49 107
30 76
18 107
74 63
40 28
91 4
3 60
86 53
45 86
13 49
19 66
113 111
71 30
80 37
55 41
44 113
1 80
107 49
51 70
56 61
13 84
108 32
88 94
32 51
8 94
107 78
59 31
93 97
71 29
23 84
5 78
0 39
13 12
32 114
21 33
33 10
38 90
84 32
21 78
18 79
48 83
16 58
86 83
9 35
72 107
7 82
103 24
64 7
63 62
60 34
86 111
105 46
104 64
75 21
88 31
97 20
94 14
43 91
58 2
89 37
68 77
6 29
106 20
75 58
67 94
68 56
7 62
74 10
8 74
83 1
114 94
1 38
49 2
12 23
79 76
10 28
53 15
27 4
50 76
20 93
40 33
87 31
73 53
75 23
83 27
55 8
67 4
72 2
111 113
72 70
18 63
85 5
25 48
35 114
78 4
52 26
81 78
45 44
36 76
57 1
12 48
61 58
98 29
87 80
80 111
17 70
10 60
45 23
49 85
45 5
98 4
13 6
87 76
15 71
62 35
22 46
85 44
82 24
47 63
54 52
94 100
49 1
8 52
94 44
106 58
29 107
46 47
54 71
65 84
37 7
2 22
20 10
12 70
40 100
13 7
67 32
6 54
31 10
4 64
114 106
33 69
60 81
96 95
35 67
4 47
28 94
84 105
45 34
74 71
42 4
102 88
47 4
38 78
30 72
92 59
62 18
25 114
113 9
100 12
49 20
24 41
100 13
38 32
74 17
23 73
113 55
11 99
20 106
74 55
12 31
73 76
14 88
66 91
70 63
30 92
69 29
63 19
84 78
43 29
92 17
83 95
4 74
70 5
51 50
84 66
107 74
51 35
43 15
80 100
57 15
53 112
69 0
36 93
5 104
88 2
50 74
32 41
93 28
77 95
86 92
111 64
52 30
91 77
91 46
24 14
52 100
26 110
81 45
81 33
78 27
4 100
8 87
97 26
11 80
15 113
62 94
57 50
79 80
108 52
61 57
29 19
108 17
61 97
1 100
103 104
70 0
48 85
87 73
69 73
76 38
19 103
3 28
39 7
50 65
114 64
26 104
13 11
76 17
37 12
58 105
36 114
112 77
107 87
48 69
108 23
50 64
30 97
48 110
16 113
3 99
62 91
92 82
42 97
38 43
86 89
23 100
90 21
47 105
96 73
1 99
66 58
86 88
18 28
72 111
78 45
40 91
43 42
92 80
107 14
3 8
26 28
23 69
44 41
101 68
93 14
17 9
98 70
7 92
92 0
3 94
40 15
78 61
22 76
8 11
35 12
43 71
98 46
22 93
68 4
21 101
54 70
107 106
87 97
94 114
23 50
75 53
26 103
81 46
21 9
104 53
93 80
64 19
53 95
52 2
80 91
26 54
29 56
100 110
111 106
20 9
18 15
51 79
89 14
55 25
1 37
104 8
83 64
76 22
31 83
45 61
15 74
88 18
44 100
28 61
55 36
108 103
24 18
27 26
98 94
74 101
24 93
43 24
74 98
50 11
28 56
73 43
52 104
66 98
23 40
17 44
29 34
73 15
12 75
46 78
15 94
73 58
77 18
22 68
84 14
20 113
109 79
89 39
47 89
112 94
61 33
90 85
78 42
42 49
111 88
22 55
84 83
46 55
59 77
37 78
28 21
72 56
27 61
79 72
16 11
56 80
16 89
0 2
47 20
21 84
12 35
47 53
50 107
52 38
44 107
36 83
44 32
113 93
110 70
96 94
29 12
113 101
55 47
64 32
11 85
62 51
105 27
1 16
77 38
18 104
31 43
14 66
38 12
44 79
31 67
70 110
59 41
84 41
15 95
85 86
101 111
58 42
41 79
3 45
37 59
47 91
7 73
76 90
11 17
33 47
97 102
105 63
101 45
114 38
10 65
78 2
40 112
100 57
108 81
67 5
93 47
7 24
9 112
98 91
6 37
73 0
81 6
0 24
5 76
103 8
34 76
88 113
44 15
61 87
6 31
104 73
55 33
36 60
83 3
16 53
26 82
112 101
31 25
90 59
36 55
67 40
114 112
12 54
53 58
108 36
97 2
108 110
94 48
7 48
23 113
41 9
3 34
85 111
110 108
4 77
44 74
10 74
108 58
76 77
114 97
4 40
87 63
27 77
18 8
16 114
81 18
104 23
31 27
80 69
7 108
75 64
0 76
93 41
14 112
12 56
35 76
60 102
6 10
57 31
97 29
44 35
25 32
61 105
8 9
110 12
92 20
2 72
39 12
87 102
65 15
82 40
63 105
18 109
47 86
19 45
3 53
25 36
32 101
44 105
106 21
61 35
114 77
110 109
108 24
62 48
73 89
104 36
75 9
37 45
19 17
100 31
14 100
61 102
100 64
6 4
13 15
88 14
109 99
99 77
17 97
46 32
89 22
17 87
103 57
57 66
37 113
45 93
66 61
15 37
109 82
73 85
103 55
25 86
103 1
84 26
107 79
38 17
6 99
85 49
27 53
83 9
82 18
85 88
28 76
1 66
83 108
30 32
10 99
65 107
98 7
91 100
28 107
103 27
4 28
111 34
85 83
40 78
37 54
40 44
83 34
30 46
77 105
2 15
100 5
15 30
17 52
107 17
85 114
97 77
63 93
18 93
48 8
88 85
97 79
46 57
101 21
90 73
92 11
51 78
96 8
81 68
76 92
84 34
102 3
62 61
49 89
50 18
5 7
92 43
111 53
44 108
7 58
0 95
62 23
82 16
9 19
85 109
29 40
60 93
37 11
5 73
26 84
114 60
105 70
107 109
38 91
84 82
8 49
57 91
87 27
65 92
35 53
95 50
29 51
9 32
80 46
64 87
78 65
79 64
99 88
1 2
42 73
57 49
46 70
94 107
38 62
42 47
46 35
66 27
37 97
15 69
50 52
11 57
3 19
56 85
16 109
18 82
45 37
51 92
8 76
66 36
71 1
7 33
0 97
76 5
65 70
66 33
98 41
55 81
27 56
66 71
49 63
89 73
66 88
77 5
101 18
53 88
78 88
110 63
32 7
9 81
21 23
88 57
52 20
76 32
103 93
26 99
47 43
73 91
91 107
53 108
59 94
57 43
58 51
112 98
64 112
13 32
113 35
10 56
13 77
72 3
100 29
68 113
12 13
79 61
31 74
83 6
87 25
23 51
82 62
45 111
48 86
108 42
35 102
40 69
61 86
41 3
6 102
64 53
3 68
6 41
34 68
9 26
23 12
44 101
30 91
90 15
92 41
78 29
31 85
8 29
14 108
1 39
111 104
4 17
12 3
11 66
75 37
113 78
52 60
59 26
71 20
48 43
62 0
94 17
51 86
59 91
26 52
3 106
97 27
60 39
39 93
38 40
14 58
33 8
18 38
22 112
46 88
6 57
103 49
106 63
94 41
3 107
112 96
66 79
30 86
58 112
32 17
112 40
88 77
2 91
82 48
21 79
23 54
105 93
91 97
90 17
107 99
68 16
100 3
1 42
80 86
58 114
82 91
40 47
96 30
26 73
34 15
102 101
81 71
4 81
40 34
65 22
8 68
28 103
54 5
76 94
32 83
32 50
29 71
53 49
36 22
70 22
57 32
101 71
53 16
85 29
31 54
48 27
43 47
58 86
111 69
59 89
8 28
14 30
69 10
26 69
89 83
64 40
30 101
53 63
43 99
19 1
43 45
17 13
3 48
61 98
14 29
9 51
88 87
21 32
86 55
60 115
7 115
