55 161
24 52
49 51
22 15
40 32
51 33
14 47
12 34
14 23
46 19
44 34
49 54
52 30
37 42
19 42
36 37
50 45
0 45
2 11
50 48
38 43
32 51
25 46
30 44
49 22
54 45
25 9
43 6
51 0
43 33
50 28
36 26
30 39
8 18
41 20
43 29
26 30
18 5
26 32
16 0
49 37
33 20
19 11
22 25
43 18
50 13
25 30
28 6
47 44
22 3
16 44
11 49
26 47
26 17
28 18
3 14
54 44
35 22
38 35
33 29
36 49
26 16
18 14
37 0
7 11
45 35
7 41
39 3
33 0
4 3
1 8
7 47
18 19
20 46
17 13
34 0
54 42
49 30
41 26
25 28
49 40
28 52
12 37
48 47
47 1
2 49
41 0
28 15
6 34
0 40
46 38
35 39
52 36
14 37
24 41
38 42
37 31
32 41
21 32
17 12
4 27
35 7
32 15
18 48
45 48
42 36
34 12
52 40
53 49
14 30
11 43
45 19
30 53
31 6
38 4
20 4
41 25
46 14
53 22
28 14
52 13
53 12
54 13
24 7
11 45
39 54
43 14
25 51
29 10
42 52
28 40
34 26
34 8
42 54
24 49
43 47
28 8
2 30
6 31
36 40
11 18
6 37
22 50
15 17
44 30
6 28
16 7
16 11
1 32
34 50
28 35
53 9
47 20
34 43
40 15
31 9
23 44
54 38
10 48
29 25
32 28
24 23
46 7
