64 190
38 48
37 44
31 9
37 46
17 48
27 12
17 61
51 62
61 45
21 59
2 50
31 57
25 7
42 61
2 0
44 52
53 19
29 38
9 2
23 36
5 10
29 32
61 42
21 32
14 8
5 60
34 58
26 43
60 15
42 34
9 33
9 26
15 45
26 58
61 53
51 15
8 21
23 20
47 46
1 3
35 22
27 2
28 32
58 46
15 12
62 31
45 52
54 40
39 59
8 56
11 25
2 27
30 22
52 20
27 17
21 57
16 59
42 30
24 40
45 1
43 12
39 48
9 21
9 30
7 10
34 5
19 39
40 15
15 52
15 36
50 29
50 13
49 37
16 51
42 15
0 9
0 22
10 0
12 23
7 8
12 61
3 42
53 62
37 13
43 17
13 12
51 61
13 10
25 21
46 60
29 1
27 24
53 34
10 14
13 29
57 60
26 47
24 27
41 29
26 0
47 7
17 15
25 51
47 1
6 34
33 4
57 45
52 33
3 21
26 11
41 21
38 49
52 0
4 45
15 42
29 36
13 49
49 47
27 8
36 60
56 30
53 10
45 13
50 9
10 31
20 12
23 54
43 60
21 35
61 11
0 56
36 24
16 20
30 46
8 60
5 25
15 40
7 29
54 3
41 22
52 59
16 13
17 23
29 15
28 54
21 37
47 52
28 36
50 18
56 3
24 44
53 11
25 16
7 58
43 47
6 43
19 10
3 16
46 42
53 50
15 4
8 9
20 25
37 50
52 48
13 37
27 62
37 32
21 55
58 35
28 35
50 16
11 42
24 23
6 37
4 33
35 40
27 52
59 53
32 56
24 1
54 36
10 13
24 26
10 17
61 36
12 3
50 40
8 31
54 63
11 63
