37 179
24 2
24 19
9 33
0 8
9 7
17 30
26 5
4 19
17 7
17 4
3 26
34 19
10 30
17 1
29 7
32 36
23 26
19 12
21 2
36 17
7 30
20 13
25 34
26 1
11 22
29 26
31 29
31 10
20 21
2 10
19 18
29 12
4 8
21 7
26 0
4 20
35 21
23 36
23 20
35 24
31 32
7 0
33 17
20 30
25 21
9 14
34 36
36 28
20 9
11 26
1 5
22 3
12 35
2 22
18 2
25 11
20 2
16 35
19 23
25 2
28 17
15 5
3 29
16 19
16 32
33 23
9 32
23 21
9 5
30 17
0 19
26 18
34 1
15 17
17 26
0 27
3 18
24 30
26 24
20 31
23 8
31 4
11 19
28 31
35 3
13 2
0 18
23 30
29 24
34 15
27 36
10 34
19 31
20 1
8 16
16 30
1 25
34 2
1 9
7 2
36 14
32 20
28 19
27 21
36 3
26 23
0 20
16 25
2 17
18 26
33 32
21 27
34 29
30 34
28 0
34 26
26 11
6 29
12 1
3 31
36 8
32 7
18 10
17 0
28 32
15 14
31 11
19 33
29 11
1 17
9 31
27 11
5 29
30 9
28 24
18 0
23 9
19 5
16 33
4 30
5 32
23 24
30 11
32 10
21 16
22 10
0 6
31 2
36 11
25 13
13 26
14 29
3 13
14 25
22 19
28 14
30 25
30 16
6 28
23 15
9 25
25 35
24 22
12 34
34 18
2 9
20 8
10 32
6 15
8 11
35 6
25 24
8 7
17 21
16 1
25 9
21 33
28 7
5 4
17 36
