49 106
28 38
7 27
24 5
24 26
29 38
24 2
7 3
2 44
38 45
25 24
39 27
0 15
24 1
30 24
48 33
40 3
45 34
11 16
12 6
16 36
13 15
14 26
38 19
2 24
6 10
28 2
0 43
37 3
11 13
38 15
41 12
45 6
26 16
38 17
11 2
4 2
48 47
8 32
3 15
45 15
17 40
46 26
6 48
21 46
21 0
42 14
21 12
32 46
48 4
19 22
14 46
18 9
38 8
26 4
6 1
21 37
22 36
11 37
4 21
18 46
45 27
30 44
31 46
47 33
23 32
8 34
16 29
19 17
24 19
31 2
35 30
36 20
5 47
29 48
4 31
37 12
10 24
22 24
4 0
6 0
25 22
33 12
16 45
14 45
42 41
28 6
43 29
20 23
42 25
38 48
20 25
13 0
43 22
18 1
42 38
22 8
10 16
14 5
10 2
0 5
20 27
6 25
2 3
23 35
21 5
25 41
36 7
