53 155
9 17
30 37
18 6
0 5
30 26
10 24
48 42
19 35
35 15
12 41
24 48
31 32
38 25
13 14
23 31
33 8
39 7
4 18
13 51
3 16
17 13
35 33
4 46
25 15
10 40
26 13
35 27
46 0
46 36
50 28
9 49
20 21
31 49
0 42
11 29
4 29
50 36
12 27
37 44
27 4
13 27
19 11
8 14
2 39
2 12
22 50
33 3
8 40
27 39
26 8
39 8
44 7
17 16
40 2
3 6
50 29
51 34
16 33
4 50
41 7
29 47
41 0
20 25
1 33
43 9
1 14
12 0
10 38
5 50
44 19
11 18
42 21
38 3
47 2
13 49
25 30
17 15
45 23
18 23
25 33
0 32
22 6
10 0
4 2
0 1
3 19
36 50
17 29
31 5
20 33
18 42
21 48
49 23
26 6
12 34
29 30
26 35
26 34
24 19
35 37
24 44
27 22
34 6
34 21
36 24
15 34
6 0
25 23
51 10
0 50
41 14
39 18
3 10
38 9
1 48
0 3
40 41
5 51
19 12
20 27
44 3
5 48
47 7
24 46
33 14
30 6
9 50
24 32
32 8
5 14
10 15
13 3
40 42
21 10
13 46
41 31
46 27
7 37
43 29
25 18
33 46
47 19
39 1
45 16
35 6
14 29
48 50
48 2
44 43
40 39
31 3
37 25
27 51
39 35
41 52
3 52
