59 186
16 47
57 21
23 38
4 25
38 15
22 2
15 36
24 46
21 14
6 28
28 11
13 1
21 20
37 24
26 6
48 2
51 35
23 14
38 4
38 52
9 48
23 41
15 58
26 16
11 5
47 33
37 11
56 32
23 0
32 34
39 53
28 29
54 6
33 50
37 2
30 46
38 18
8 35
56 45
42 56
25 32
43 9
57 13
52 34
42 47
48 12
36 35
1 9
23 10
57 47
49 31
26 4
51 20
53 54
49 8
36 56
26 7
30 26
50 37
11 4
53 33
29 38
53 13
7 48
54 37
2 46
19 5
24 12
24 40
21 38
57 38
52 20
25 0
54 28
43 23
16 33
17 10
32 41
46 25
47 42
13 2
7 2
57 33
43 30
13 38
23 20
2 41
39 52
28 42
36 44
31 53
8 49
49 46
13 43
3 34
50 41
42 3
29 5
4 6
46 44
41 5
36 37
22 9
49 25
17 27
56 1
10 20
45 22
11 54
23 32
22 7
47 48
2 12
42 8
35 11
45 23
27 55
53 20
19 18
32 21
33 52
37 43
44 8
0 32
10 34
13 39
18 1
42 43
11 15
6 57
2 39
2 24
55 33
34 40
53 38
44 18
36 21
54 4
6 35
42 50
12 7
43 46
17 50
53 29
15 3
1 57
42 51
30 19
2 53
15 1
57 6
27 13
6 45
0 36
44 46
14 15
0 37
29 25
39 54
10 42
2 8
49 22
29 41
52 53
25 55
6 37
42 46
56 0
9 28
30 51
3 17
27 42
49 24
27 18
30 3
44 40
44 10
23 24
6 48
56 11
12 48
30 23
17 28
34 46
1 11
10 57
29 4
