115 3879
104 9
114 12
105 11
38 6
18 63
24 96
18 44
111 40
62 34
26 109
20 49
93 10
3 20
114 20
23 45
13 107
51 26
98 11
7 88
29 38
38 32
63 42
86 93
64 20
107 98
86 42
59 22
77 52
89 36
57 62
65 67
98 84
84 0
14 45
38 21
111 100
20 37
58 4
13 11
21 89
77 68
46 50
39 86
91 27
66 69
101 16
88 12
57 39
46 49
48 69
50 76
20 82
95 94
76 63
59 87
111 77
17 65
112 31
22 19
79 11
79 57
25 113
105 87
44 3
75 4
88 112
27 107
29 102
48 54
103 93
81 38
35 69
55 111
101 39
63 1
53 73
111 76
46 30
93 67
85 35
14 109
92 56
90 26
36 81
45 61
107 9
38 53
48 113
9 100
22 99
11 100
46 27
16 10
66 43
91 109
110 7
3 40
86 51
28 25
98 111
79 7
70 60
59 29
3 102
19 78
55 17
8 57
27 23
97 21
2 60
70 20
12 54
25 95
55 45
87 86
3 114
75 40
97 30
12 25
111 70
89 54
78 15
2 113
21 38
13 31
95 90
29 32
87 27
70 114
46 85
96 77
54 78
1 39
35 24
57 25
18 34
110 17
14 88
66 89
7 27
104 78
34 83
54 60
31 77
45 76
86 12
99 109
28 82
46 66
30 14
30 97
15 56
40 1
55 72
109 98
57 86
12 11
59 27
30 70
93 100
100 91
45 56
16 62
15 44
95 114
79 55
111 5
92 45
39 77
102 8
37 52
81 59
92 46
50 91
74 86
66 7
108 4
87 14
16 114
0 82
88 10
95 97
49 31
82 0
42 15
74 37
75 73
95 36
64 67
14 12
107 18
114 77
35 111
2 100
40 99
62 2
87 55
4 15
53 39
89 50
113 111
98 4
15 31
70 21
26 33
45 111
113 24
51 112
29 81
40 114
10 58
81 37
95 20
6 35
60 108
47 71
66 82
4 44
80 13
16 27
43 31
3 62
42 80
97 6
21 43
27 26
7 17
109 59
59 47
2 105
80 107
53 67
95 68
56 20
64 31
4 9
30 20
104 100
20 11
33 69
2 29
56 64
105 1
7 106
80 44
75 35
70 97
87 25
14 68
88 83
17 75
23 36
102 48
73 28
7 101
49 85
40 49
93 88
16 51
75 80
3 64
64 7
109 16
108 35
48 57
84 69
106 112
27 22
33 107
109 93
103 84
38 68
80 91
69 71
69 13
105 56
65 41
112 42
47 79
59 99
98 64
51 9
51 84
85 25
106 110
9 78
70 40
112 6
76 83
0 19
106 89
80 75
84 62
110 44
5 21
84 82
23 41
61 49
111 79
85 80
112 80
6 94
6 1
22 78
28 66
29 108
22 69
96 48
68 22
89 76
82 88
80 78
35 60
41 104
75 79
94 69
31 56
78 5
7 38
76 47
92 70
3 93
109 56
57 68
15 79
71 9
26 17
114 101
106 96
91 104
80 109
5 24
31 68
12 112
25 64
11 104
20 78
114 100
104 11
78 55
24 25
84 29
99 87
82 86
96 51
111 48
61 74
13 16
31 75
38 65
18 113
105 111
24 110
63 3
54 41
21 16
83 81
13 60
35 44
7 61
29 46
75 56
85 34
19 89
17 79
90 24
105 103
32 61
32 67
1 63
3 32
46 67
35 86
21 32
46 72
72 105
1 90
1 68
87 71
20 48
52 41
4 66
14 58
105 68
25 103
66 44
92 30
98 28
87 70
26 25
4 93
44 103
67 47
88 81
64 72
95 107
17 21
27 53
103 38
13 4
36 18
95 53
63 56
15 52
91 67
1 59
80 111
106 40
2 13
39 59
98 87
66 108
15 3
68 107
11 17
53 14
106 14
93 69
46 44
2 112
31 46
110 22
19 39
110 46
23 112
76 42
47 30
62 0
61 23
7 97
26 24
74 73
112 75
27 86
64 76
97 10
39 107
27 91
36 114
74 60
70 55
32 13
23 17
80 26
76 12
5 107
44 38
6 86
92 58
70 86
15 7
78 7
11 82
59 108
10 17
78 2
90 9
28 72
8 82
37 68
18 114
92 62
96 30
113 103
68 94
80 37
46 9
2 31
74 96
23 28
109 84
26 16
33 89
4 96
102 22
100 72
44 11
105 35
26 39
86 105
41 73
99 113
63 31
108 3
68 84
13 70
95 82
85 67
65 24
103 66
42 98
98 77
42 101
24 2
67 13
37 112
16 23
0 76
59 55
55 50
32 18
44 52
58 1
27 92
79 82
105 0
42 93
29 23
56 42
38 94
80 95
4 19
20 43
59 104
47 103
67 36
52 22
44 101
78 26
44 75
16 17
99 54
90 113
28 104
67 58
4 65
7 65
0 84
36 60
22 8
114 6
46 0
111 4
106 7
3 49
44 63
49 70
31 106
21 107
70 79
94 31
44 66
114 31
30 74
36 35
44 79
84 25
88 72
67 18
24 74
55 8
94 80
102 58
1 34
32 39
10 41
94 70
68 69
35 84
100 108
5 49
44 23
102 73
43 58
19 114
57 78
90 73
103 76
89 0
4 17
22 77
17 52
43 19
67 96
86 24
74 54
95 61
112 32
90 61
114 62
21 99
16 107
44 57
73 1
96 1
80 10
90 5
48 5
27 62
82 25
46 63
47 26
92 23
51 10
40 26
75 92
99 75
73 80
17 68
7 1
28 3
12 32
16 73
30 104
42 72
10 72
51 108
22 67
95 42
112 57
90 15
89 106
24 22
82 73
64 16
51 42
48 51
62 84
3 30
40 20
42 47
69 91
66 111
45 36
21 81
10 48
43 22
100 80
51 71
25 13
87 11
77 66
94 113
36 61
96 78
109 89
37 45
22 109
2 35
68 28
36 63
72 12
29 39
37 87
46 17
84 44
26 57
95 32
79 96
76 104
107 105
55 6
30 18
94 84
22 41
32 94
105 50
18 17
24 93
24 77
13 86
47 44
66 50
67 35
29 67
65 10
52 43
101 72
41 98
29 52
47 93
19 4
53 92
13 88
94 14
108 17
32 14
49 28
100 104
11 3
91 29
40 54
91 92
55 93
54 79
4 18
23 113
66 30
70 32
7 63
111 49
17 25
92 47
1 57
10 40
86 71
31 66
67 10
30 90
86 92
20 92
108 22
21 73
26 4
60 0
8 84
11 23
67 16
18 35
53 76
56 28
95 74
22 37
57 63
61 32
57 89
30 9
90 56
37 73
61 78
56 93
78 23
5 91
9 34
89 5
48 107
25 59
45 63
110 86
35 50
15 4
37 72
99 52
44 9
97 101
94 110
107 20
53 16
26 11
73 112
45 86
89 48
102 67
70 59
62 36
77 85
50 28
69 68
29 77
10 42
91 11
34 101
46 101
67 38
102 55
8 27
62 103
114 34
28 35
67 0
53 88
71 40
19 111
18 19
86 70
106 13
66 72
101 37
68 40
86 34
57 97
112 49
18 78
1 27
29 73
57 18
11 103
0 23
77 49
96 102
98 100
47 107
73 29
41 68
81 25
21 4
70 10
72 1
43 73
114 81
92 66
81 34
32 0
113 94
56 92
27 72
35 65
99 72
87 3
29 58
102 3
58 33
95 76
0 27
87 100
113 37
42 45
54 93
111 71
108 26
65 92
27 42
112 109
72 69
79 34
13 6
64 101
8 36
101 36
45 17
19 67
25 23
2 55
29 109
32 74
81 35
64 54
9 7
6 113
105 98
0 20
52 44
109 87
88 25
104 12
93 106
86 69
33 80
93 66
6 30
63 45
86 25
90 87
89 14
108 73
4 85
25 77
4 101
5 34
75 112
109 110
17 108
46 2
37 91
74 112
32 90
10 91
75 51
46 53
64 14
113 65
25 17
19 82
106 78
17 53
49 89
87 28
54 105
77 35
98 73
78 112
112 12
86 106
104 98
55 53
87 105
45 69
78 20
71 80
108 50
67 102
37 8
91 100
82 114
22 96
108 86
12 16
16 55
76 56
11 89
10 70
48 95
71 82
30 37
47 52
37 17
92 76
28 45
61 9
77 18
3 80
58 47
31 108
93 108
16 83
47 91
89 93
48 25
97 15
17 86
18 10
47 83
41 44
29 18
56 110
66 45
75 111
28 79
32 114
91 8
31 2
4 6
23 104
30 80
15 42
84 73
105 16
43 67
43 52
28 96
46 98
112 79
52 38
106 75
79 92
15 17
37 48
6 61
22 112
108 113
92 105
96 97
78 91
7 98
113 99
37 18
32 48
62 67
64 69
44 35
54 46
74 19
6 78
108 64
91 114
38 44
75 18
103 26
9 70
34 20
78 16
5 66
3 34
79 56
68 23
84 33
83 84
63 4
74 56
73 8
50 18
37 100
4 103
98 83
56 49
48 82
77 114
17 44
13 100
13 27
90 95
51 102
99 110
94 83
39 32
20 18
92 74
95 111
55 69
3 0
50 69
67 99
108 29
65 18
89 104
86 35
62 63
52 104
109 74
81 18
55 56
57 37
36 88
103 67
110 99
21 22
38 78
101 48
37 43
42 110
14 32
4 3
31 5
72 60
27 48
40 47
61 39
54 51
41 100
34 93
109 28
13 41
34 22
45 104
32 12
65 3
8 50
20 93
90 55
94 88
26 76
81 49
104 82
40 76
1 12
97 37
10 67
3 45
39 104
55 84
20 53
82 108
51 97
110 40
74 28
75 13
43 91
70 107
41 10
59 34
76 35
96 42
109 40
113 97
16 81
26 84
5 57
39 30
3 66
30 77
20 96
50 36
26 74
105 28
77 86
14 76
33 38
106 105
108 51
114 85
85 54
4 111
99 81
77 0
27 55
112 44
114 35
17 69
18 15
99 49
7 59
40 25
7 10
60 106
53 59
95 9
0 111
4 26
15 107
87 89
4 55
106 32
105 13
12 113
104 6
81 69
91 76
23 72
91 31
88 9
6 90
87 110
42 57
78 108
44 15
51 36
1 36
14 92
38 36
74 5
9 37
13 66
20 103
5 15
38 33
111 2
97 106
51 5
97 47
2 99
29 95
79 69
22 94
85 57
70 24
26 55
55 24
89 101
16 111
13 23
39 58
100 60
78 98
29 72
61 50
88 86
83 23
90 74
29 86
98 67
110 77
31 104
78 88
47 81
6 22
22 12
34 49
5 20
109 20
104 15
93 77
33 53
84 94
63 102
114 106
88 23
93 28
39 2
92 51
20 89
87 112
16 57
114 10
28 12
39 24
86 29
10 32
80 71
20 44
99 37
45 14
93 99
18 36
84 103
92 90
69 73
40 29
39 103
23 100
15 45
111 37
67 108
24 37
41 13
54 114
97 67
102 108
110 94
72 40
18 108
6 69
74 34
31 74
37 58
113 34
50 82
49 108
111 19
84 110
14 51
38 31
92 61
28 54
24 8
74 67
85 78
57 76
2 28
98 99
112 108
23 92
93 53
80 31
29 92
105 21
68 59
23 57
64 98
0 101
14 10
80 6
71 47
102 104
10 51
24 11
43 111
60 18
75 46
105 32
63 5
11 90
82 71
10 24
7 5
38 14
75 32
74 13
75 25
57 54
78 25
55 27
11 8
47 68
1 75
18 27
56 112
28 19
77 100
29 14
46 32
82 13
96 33
31 84
70 18
96 50
68 45
24 5
52 57
89 77
93 85
53 108
75 63
42 35
66 0
28 2
7 44
113 91
16 22
88 7
20 31
3 42
92 2
81 84
88 11
104 60
76 16
38 74
9 90
107 93
86 77
22 81
9 102
0 35
36 24
3 57
24 10
96 87
31 22
49 111
82 37
84 51
23 34
100 92
95 47
32 80
100 71
89 44
33 82
102 41
37 54
108 25
35 38
75 110
88 101
24 20
106 95
29 76
107 46
63 60
58 23
0 7
66 77
59 49
51 89
97 75
24 80
34 68
40 86
88 71
70 44
6 53
21 79
20 16
87 108
3 77
87 104
1 33
47 55
80 21
47 87
5 96
63 11
96 60
45 8
34 71
44 28
35 73
42 100
100 52
112 13
114 109
20 1
1 7
26 102
12 23
69 7
8 13
54 68
29 26
33 101
71 49
48 63
85 27
84 16
108 80
49 79
24 18
64 41
68 1
71 33
97 5
108 88
105 65
79 111
33 39
80 54
33 37
104 84
51 81
62 113
18 107
88 34
63 37
100 14
92 88
103 80
39 55
100 98
104 45
10 111
1 42
9 55
6 42
70 29
8 90
41 81
41 111
113 78
78 109
105 101
64 99
39 93
23 79
23 2
84 83
93 14
103 16
1 44
64 22
86 84
108 0
49 81
58 110
6 95
109 77
14 48
82 43
50 62
14 102
30 32
109 86
9 65
92 72
69 63
21 103
39 64
40 100
43 77
35 28
69 82
35 17
64 32
0 85
21 11
12 47
73 30
36 99
0 83
68 86
45 60
110 88
1 83
5 94
0 50
23 9
48 43
16 50
63 53
14 65
70 38
72 62
51 16
71 6
45 11
88 15
65 30
14 97
63 33
104 69
73 24
102 95
90 45
105 69
31 11
39 37
76 78
20 34
81 3
55 1
79 73
4 34
31 15
29 47
79 4
19 34
112 97
111 15
86 33
1 30
52 3
79 21
88 56
110 114
30 0
53 68
97 65
50 111
23 18
53 47
37 9
87 98
42 111
96 105
31 41
110 15
61 2
7 99
40 56
31 109
28 78
99 47
6 10
11 59
86 78
42 84
59 36
88 106
24 71
114 66
100 5
83 74
24 45
53 28
69 89
70 102
18 102
103 28
23 101
75 19
101 49
68 41
107 41
14 33
63 91
79 49
67 48
31 71
74 72
19 17
69 53
37 46
72 57
112 18
30 73
52 89
7 56
59 0
98 102
50 98
109 65
37 66
58 11
49 30
35 31
34 43
52 27
59 30
105 109
93 31
11 22
83 104
97 45
106 17
12 105
96 40
73 83
94 8
82 48
10 96
85 4
50 84
79 98
4 20
3 109
107 113
29 60
27 24
76 24
37 1
90 18
40 69
46 26
9 107
77 24
64 37
8 70
51 39
33 75
26 49
31 94
40 39
31 39
27 71
103 79
107 26
82 80
93 114
18 40
27 33
72 34
111 21
110 70
89 64
28 99
108 8
18 42
96 37
50 44
63 14
106 46
24 23
43 39
101 51
6 74
15 89
36 87
1 51
76 58
88 80
20 40
103 96
101 1
103 113
35 2
84 3
19 88
100 16
98 41
22 104
22 85
36 67
48 29
19 48
108 53
26 61
110 14
93 73
81 108
50 97
105 71
109 49
9 74
6 49
22 95
51 104
73 9
100 57
54 29
18 6
59 86
101 108
54 108
63 66
54 83
60 20
104 64
106 24
96 88
11 42
31 112
75 102
31 69
11 86
50 81
32 75
70 0
24 46
31 86
5 39
0 54
59 3
61 45
67 28
95 48
20 86
105 58
82 112
21 49
30 114
34 61
94 108
8 23
22 57
100 51
96 106
80 79
22 97
1 26
32 16
55 73
85 114
98 7
110 16
50 9
37 40
72 19
91 72
29 9
2 111
111 58
49 41
40 51
4 14
47 0
107 100
64 73
34 86
31 72
63 29
81 97
82 8
40 50
99 60
12 29
86 55
92 84
102 50
78 114
99 57
72 81
42 96
17 24
56 40
32 4
113 29
112 15
31 90
82 102
98 39
41 15
113 44
88 77
39 36
109 12
19 64
55 10
105 84
77 11
28 73
26 45
107 88
55 47
53 103
95 69
85 56
95 45
9 79
82 40
55 95
49 13
58 103
102 24
12 41
3 98
96 70
76 59
63 13
99 46
114 65
88 92
19 101
19 72
3 25
107 4
98 46
29 31
6 71
76 57
104 29
40 32
43 32
51 103
22 4
13 110
53 2
111 68
55 46
98 90
51 27
85 49
83 24
95 21
5 105
23 75
7 60
10 78
101 71
54 62
64 79
25 3
8 100
10 15
11 43
111 46
14 30
81 46
70 7
13 82
35 57
48 4
4 84
57 85
89 19
101 81
78 34
53 102
73 91
3 90
64 52
49 38
55 48
11 68
93 111
85 98
113 74
94 15
1 97
103 65
103 39
66 4
88 49
59 13
44 82
11 20
27 8
47 21
99 20
10 46
92 77
66 12
78 85
44 42
15 34
100 61
15 90
15 21
6 47
28 91
43 8
63 50
108 81
14 28
86 39
4 113
47 36
48 32
55 0
28 111
60 36
69 54
3 56
62 66
26 8
10 0
6 75
72 45
109 48
93 33
43 71
3 41
43 103
32 88
23 89
17 100
1 19
56 61
42 99
47 111
69 83
11 31
1 84
5 27
37 27
27 93
113 88
17 23
105 66
40 7
91 30
6 0
12 30
3 38
105 75
84 59
55 67
110 97
75 43
101 93
32 104
8 104
102 4
114 2
90 51
106 30
96 91
42 3
33 29
81 55
92 100
114 17
60 4
66 47
1 4
65 32
112 7
63 27
95 105
50 31
91 39
41 57
10 27
89 85
45 78
24 26
94 34
55 92
6 96
1 95
101 83
30 52
15 13
93 81
30 56
52 11
5 81
95 109
25 20
89 97
70 17
45 84
111 96
81 14
39 33
59 101
89 82
4 30
19 5
58 77
38 103
102 112
8 40
100 66
32 106
54 3
0 16
41 18
95 100
53 19
76 52
4 54
22 70
4 32
61 17
109 39
65 109
42 53
62 16
93 29
75 71
54 0
33 58
103 61
17 93
58 41
40 41
80 90
45 33
50 107
0 46
63 26
48 101
57 34
48 84
10 45
43 16
64 15
24 16
114 80
20 0
28 85
77 112
53 62
95 12
82 81
5 93
48 94
83 87
33 25
63 16
62 1
44 108
109 67
105 67
87 114
78 38
108 85
114 88
65 76
1 76
30 59
32 43
67 14
102 45
65 20
15 1
88 63
35 34
17 101
33 32
44 12
5 101
15 88
17 109
11 57
5 84
104 72
94 19
86 44
7 41
10 30
67 26
8 35
105 70
24 43
28 18
94 9
86 1
70 54
112 63
39 38
37 41
7 92
114 52
108 2
80 5
2 64
98 110
37 36
113 2
85 109
83 48
52 46
16 18
108 58
18 98
83 53
108 21
68 74
64 2
70 74
39 51
69 45
46 59
25 78
26 46
62 53
69 21
47 94
71 85
76 85
22 102
38 2
26 29
44 77
18 110
91 37
96 29
3 82
90 12
81 109
109 70
16 24
1 37
2 38
106 34
83 70
14 110
98 36
96 90
31 95
83 89
26 48
64 86
47 92
4 27
65 90
64 62
76 94
11 113
74 51
4 52
76 106
70 49
38 64
93 107
56 4
22 92
42 16
78 8
22 27
30 58
106 63
6 91
76 1
18 90
28 51
31 93
56 34
92 71
60 107
6 4
78 77
100 24
29 28
60 88
73 42
62 60
54 77
19 56
40 60
26 0
85 18
25 21
47 65
11 52
68 104
109 114
39 98
16 82
26 71
88 41
51 109
39 65
71 53
19 94
80 41
50 16
70 68
98 70
91 57
25 75
5 33
104 17
105 100
69 108
84 47
33 2
77 93
63 9
11 70
88 45
45 46
87 73
109 102
34 27
37 79
6 37
25 16
28 50
17 49
12 51
1 9
89 13
114 38
19 107
0 113
87 77
105 62
14 11
80 103
61 5
62 107
94 90
27 12
16 6
11 63
93 38
8 96
26 86
65 104
17 107
11 66
85 52
56 30
93 51
70 39
78 59
22 15
93 39
1 31
86 94
51 0
62 108
70 34
113 96
8 32
30 31
107 35
35 100
54 111
103 14
95 98
46 21
38 1
18 87
80 55
78 0
78 64
61 31
61 51
93 72
26 58
56 98
73 82
48 50
11 47
108 39
86 2
56 37
90 72
44 61
25 82
49 71
12 107
95 66
56 75
33 22
36 100
61 69
38 34
12 66
56 5
51 56
2 25
67 24
105 114
91 0
75 106
50 74
11 5
86 41
114 11
95 99
33 23
7 73
73 102
72 61
43 89
51 7
87 50
59 91
103 111
36 8
98 91
97 107
105 15
79 14
61 73
17 13
33 20
4 72
6 59
47 66
58 97
77 30
32 21
20 76
105 45
57 49
112 101
95 4
16 25
19 1
55 36
52 81
3 4
22 91
76 61
10 19
33 88
35 83
12 97
39 34
60 110
61 14
7 26
101 103
73 2
108 77
86 65
0 104
32 50
17 19
13 94
71 45
50 93
80 22
77 84
41 109
26 28
15 61
84 89
16 101
82 83
4 5
81 102
73 46
72 49
45 51
26 113
67 114
73 98
91 82
7 11
101 90
4 51
35 92
16 85
51 30
76 66
74 47
25 109
26 30
77 95
86 90
99 79
0 106
15 38
109 99
19 57
93 62
9 68
49 47
114 94
54 42
51 63
32 51
75 84
15 41
70 76
83 41
89 112
72 15
112 5
83 6
13 17
93 102
41 17
4 91
101 65
82 4
57 93
97 57
66 32
58 60
60 37
26 38
88 36
47 63
57 44
35 16
100 44
0 55
16 75
108 55
48 83
107 48
37 49
71 113
50 30
85 63
0 81
100 56
42 23
98 33
13 91
97 98
88 0
40 4
56 41
103 49
84 96
91 102
61 27
94 72
104 68
69 20
22 74
34 54
6 16
9 54
40 106
88 103
113 80
76 100
68 12
27 110
45 64
70 16
92 38
25 87
10 80
32 53
70 11
62 18
52 94
80 64
82 97
76 40
14 44
62 76
76 17
62 93
35 53
29 61
8 16
18 71
106 68
104 49
114 61
25 98
65 37
21 82
66 85
70 36
49 63
11 25
20 114
109 92
111 90
48 52
85 9
52 4
55 37
19 10
88 53
38 60
84 77
36 49
50 85
100 47
31 100
101 97
39 106
2 63
112 2
111 87
25 72
101 92
97 41
18 81
93 0
83 30
59 58
18 47
113 112
101 28
47 19
20 36
101 64
34 73
91 89
63 52
61 96
107 29
86 87
106 45
40 9
106 101
8 19
5 26
56 69
39 66
82 69
79 16
88 30
94 49
89 114
9 93
83 105
88 66
23 44
20 22
20 21
25 7
106 11
95 103
88 61
84 108
107 61
7 100
7 16
22 49
84 95
79 53
30 62
57 56
67 109
53 18
83 73
32 70
60 81
41 4
63 90
113 72
71 64
39 4
92 28
34 67
94 109
105 96
5 14
101 45
46 39
112 65
3 39
64 70
104 71
79 35
110 90
93 52
93 101
42 105
74 107
86 60
79 80
76 20
74 75
85 55
66 28
16 91
87 24
114 15
10 59
26 65
63 40
37 29
67 100
93 35
17 27
52 112
26 100
84 53
71 12
24 67
85 30
41 108
14 74
12 49
71 81
111 52
69 49
70 78
52 34
104 83
43 7
26 83
52 68
70 51
43 26
77 113
105 82
48 96
45 101
51 59
91 21
111 30
33 100
53 96
6 63
55 62
97 18
16 99
10 100
29 25
58 70
24 107
30 36
54 55
37 84
36 1
108 7
24 47
95 17
28 49
60 32
59 95
83 107
54 80
26 64
94 3
70 8
30 54
65 52
55 112
80 16
13 98
4 39
13 7
98 104
58 2
91 53
49 29
50 100
59 83
65 5
13 39
44 74
107 38
61 41
35 103
100 62
87 82
36 19
54 71
88 31
71 69
56 73
67 83
104 33
35 81
101 61
6 83
86 37
58 76
48 7
82 18
56 6
84 36
12 5
101 63
8 58
18 64
35 46
14 69
110 75
18 4
26 75
64 3
92 37
43 76
113 28
1 107
108 44
28 31
8 102
52 6
45 26
114 43
32 37
48 103
10 65
96 10
14 41
32 69
21 8
28 89
27 19
51 17
112 9
21 76
10 112
10 77
74 93
3 17
18 61
103 34
68 44
62 87
24 57
67 22
3 78
110 51
89 71
70 88
89 49
77 39
76 110
99 101
71 7
86 22
86 27
91 94
40 97
64 55
111 22
80 59
38 72
25 84
40 104
34 80
39 19
111 80
76 48
63 74
1 10
34 32
19 58
111 72
75 68
44 33
68 85
66 110
56 90
2 42
95 26
13 75
61 88
81 22
32 15
70 58
16 43
94 107
26 99
72 85
68 34
60 10
37 105
31 19
73 81
22 18
114 76
23 5
65 106
17 63
69 110
110 65
66 58
0 62
96 101
86 58
29 84
23 64
97 73
25 63
107 52
104 58
54 89
3 65
55 44
5 75
90 32
81 4
69 74
53 97
32 81
2 85
36 94
62 32
62 17
83 10
30 76
81 95
54 49
52 36
23 35
36 57
36 82
19 24
21 64
77 96
85 6
67 79
112 55
71 103
25 32
102 98
86 88
14 63
62 72
2 66
61 54
59 1
69 75
84 114
37 42
45 30
94 87
13 34
40 35
20 95
42 2
87 52
1 28
74 81
90 42
13 81
59 51
68 39
24 66
106 59
7 84
107 8
10 43
3 96
45 82
91 4
51 37
28 80
15 16
45 21
99 102
102 75
55 12
97 66
105 6
92 31
62 91
103 17
62 85
11 78
19 25
107 58
61 47
59 93
114 91
57 66
70 5
46 106
30 43
101 67
11 105
81 103
96 71
99 58
83 55
18 32
97 22
13 92
43 41
26 50
16 40
20 3
21 70
23 48
80 82
6 66
72 28
0 4
17 42
27 104
111 35
82 10
4 50
50 90
114 99
59 4
86 108
76 13
43 72
75 101
101 15
62 78
96 108
12 55
75 86
64 109
89 86
87 56
7 12
0 32
46 64
54 17
71 78
58 46
5 85
31 32
80 51
82 54
45 3
89 1
100 109
85 2
52 72
39 1
79 86
38 84
6 72
46 75
72 17
15 8
42 61
46 34
61 84
100 45
97 80
43 99
99 34
114 63
65 91
55 98
97 49
111 47
49 36
12 56
91 56
24 79
102 96
54 56
9 23
23 40
40 15
38 101
73 93
78 87
65 86
76 87
62 104
87 34
29 89
55 31
78 37
79 61
90 102
58 107
41 71
59 68
100 114
50 79
17 15
80 89
96 95
27 75
15 82
18 30
29 74
104 114
79 12
40 2
108 5
11 35
58 39
16 53
9 12
101 102
45 40
97 89
96 62
8 43
41 24
39 92
8 72
39 95
18 49
101 106
81 73
72 96
30 98
44 68
53 17
105 76
23 4
63 106
78 99
45 70
35 76
53 4
50 88
19 7
92 85
86 9
49 24
102 62
114 104
14 36
89 18
17 104
109 33
44 94
2 98
95 31
26 94
33 8
102 57
108 95
114 54
94 63
3 71
72 94
49 59
42 75
101 78
33 63
49 74
103 74
33 56
78 84
58 69
85 5
45 39
31 23
69 78
114 74
63 97
11 91
20 28
98 44
46 113
54 45
85 110
109 35
91 90
15 35
35 101
83 27
101 58
51 111
32 82
46 111
63 35
46 14
90 105
25 106
82 99
6 14
36 30
106 5
0 77
16 69
52 14
98 20
72 76
92 15
55 22
54 4
36 13
91 16
76 91
89 105
17 14
29 111
26 101
40 105
74 99
103 60
36 91
43 87
101 4
98 109
79 32
6 40
42 92
40 44
96 36
113 102
92 24
93 56
9 31
78 45
76 15
19 85
42 108
93 21
8 74
11 106
14 1
4 99
11 61
5 53
3 1
19 79
6 56
50 70
94 56
22 103
50 1
24 86
91 35
60 90
59 105
2 46
14 62
63 70
87 36
67 71
24 39
53 0
72 74
102 93
42 109
90 101
35 40
110 13
102 88
110 42
44 87
76 107
68 77
42 38
90 54
39 67
33 21
84 87
56 25
23 50
12 81
111 39
33 65
96 74
18 46
37 67
61 83
53 51
96 6
72 8
19 52
92 8
40 75
44 17
50 92
1 85
5 111
12 85
77 74
57 47
16 109
56 8
57 64
10 90
40 96
111 18
54 6
94 104
85 10
60 64
37 26
11 1
21 46
60 45
78 72
29 19
44 30
7 35
21 34
108 49
31 79
10 75
88 98
20 99
56 81
61 4
83 85
92 83
82 55
69 36
84 42
15 93
11 54
15 51
6 5
1 55
103 9
72 21
6 23
49 80
85 111
110 80
100 102
91 69
38 11
1 70
47 73
93 24
4 86
58 53
100 19
31 24
58 109
95 11
34 98
7 95
68 64
77 111
103 5
60 98
38 62
28 58
33 26
112 88
0 6
111 43
65 75
89 20
7 77
20 24
70 99
57 22
90 3
77 33
76 19
88 59
2 48
69 56
58 113
22 76
49 114
70 64
35 48
17 76
54 104
100 90
113 66
67 19
0 39
39 62
70 108
9 25
47 12
48 34
104 59
78 54
74 11
102 0
103 88
13 53
91 98
61 0
114 46
25 4
105 47
89 59
5 44
104 36
0 105
31 4
62 8
92 10
107 59
111 108
101 75
101 21
18 104
77 4
54 16
35 5
53 7
92 73
86 14
65 102
5 99
78 14
84 5
58 48
18 45
111 101
5 0
75 0
110 82
69 60
9 110
107 75
65 25
38 28
27 101
47 97
22 60
39 112
10 25
60 95
72 53
106 37
101 13
46 95
36 105
47 86
48 99
27 85
86 107
88 14
98 49
29 49
98 10
78 43
47 39
106 20
79 66
89 21
97 103
27 20
52 21
66 48
6 11
35 75
58 19
96 67
44 31
36 15
74 106
68 62
34 23
86 113
107 99
13 57
53 10
53 15
30 27
89 65
92 60
103 10
96 92
70 105
109 41
77 67
37 32
36 74
24 98
79 52
47 31
5 103
1 66
36 50
31 25
111 63
102 39
46 79
81 99
92 36
45 49
29 63
113 86
26 106
81 62
114 84
60 92
93 96
83 110
49 4
76 69
7 51
77 23
12 68
12 1
80 4
36 44
111 95
58 111
24 17
10 99
34 8
82 1
95 15
93 37
3 21
3 6
99 103
75 74
3 67
37 12
80 42
99 114
101 31
37 90
113 10
65 73
89 83
50 22
18 72
71 28
58 102
108 16
12 95
79 68
17 84
20 108
15 65
72 92
53 38
70 111
94 6
28 43
7 8
17 83
78 74
8 15
39 28
53 52
31 67
109 44
41 3
57 23
105 74
81 87
103 101
16 76
37 78
55 35
39 35
70 67
105 18
66 73
87 76
82 9
52 96
60 112
9 35
41 90
19 103
98 82
107 11
39 50
9 101
42 63
59 38
24 38
35 47
38 76
106 21
19 84
88 100
66 97
15 98
15 71
86 63
89 66
79 101
13 48
47 106
51 78
26 47
87 85
28 38
75 88
65 59
90 28
4 10
27 16
10 13
32 29
110 64
23 80
86 74
29 100
65 16
111 56
87 43
55 63
64 36
26 87
91 50
1 54
47 96
56 21
22 35
30 55
6 19
80 100
27 88
22 71
40 94
86 64
73 111
100 93
29 87
9 10
31 87
93 40
6 108
33 41
66 59
7 22
17 92
110 18
33 103
56 79
57 35
66 80
113 19
96 54
5 7
107 13
110 101
72 54
114 105
94 67
85 71
83 69
31 40
62 35
98 92
112 21
47 5
4 60
68 97
0 73
108 6
68 90
14 38
80 20
106 27
93 18
110 87
68 55
55 54
40 66
24 59
37 96
82 30
11 6
44 34
26 70
42 48
21 108
23 56
65 113
35 61
86 10
43 62
84 100
111 73
96 113
49 88
50 13
74 32
97 61
69 5
76 0
41 38
60 3
60 35
12 73
92 68
38 27
57 31
44 109
91 112
40 53
51 8
63 59
33 87
25 110
113 92
33 18
97 43
3 110
36 68
39 90
58 16
10 34
83 88
107 19
53 80
6 93
41 45
79 20
64 9
57 13
69 101
107 25
113 60
102 49
32 98
60 30
37 33
63 92
96 84
9 84
60 85
32 60
56 17
81 63
67 65
103 51
69 44
90 20
87 78
62 65
96 15
76 72
17 77
54 84
90 70
114 55
19 16
55 94
2 59
97 96
25 89
24 9
80 56
40 111
89 40
54 35
56 70
107 83
50 113
40 92
11 39
105 88
87 22
30 71
11 76
57 60
107 39
106 50
102 25
73 26
27 95
72 107
102 64
93 70
107 40
54 26
93 110
54 61
73 88
3 31
58 68
60 27
51 46
92 82
80 57
113 1
91 13
0 8
101 79
59 48
98 72
43 84
98 65
92 20
108 24
78 63
102 19
34 112
55 2
36 14
47 13
94 59
1 67
48 3
74 7
24 76
74 59
72 16
72 5
20 55
90 25
102 36
24 55
63 10
27 39
56 18
23 94
22 34
67 94
74 83
85 26
112 62
23 16
113 39
79 102
77 26
10 52
41 54
20 109
35 63
68 67
9 51
18 13
113 58
99 8
99 6
98 114
101 22
43 83
23 103
8 83
62 33
59 44
56 24
52 73
45 54
79 22
42 78
46 109
97 2
110 38
78 1
30 102
12 21
94 32
11 93
40 87
88 87
52 85
85 113
86 50
3 8
74 104
62 81
90 11
37 61
28 92
64 78
85 43
113 95
71 19
24 29
34 11
94 52
53 12
86 68
103 63
81 64
31 91
49 26
90 78
10 84
96 85
14 25
21 3
43 28
38 105
49 97
0 60
88 105
93 87
47 43
107 5
86 28
41 39
0 5
90 19
113 9
67 37
16 3
104 96
66 22
44 73
40 12
31 107
2 75
13 22
27 84
85 39
109 14
61 46
93 97
85 106
0 66
39 91
48 66
100 34
36 76
59 20
79 78
108 34
102 1
38 40
22 52
22 101
20 84
83 100
28 30
98 97
6 103
82 103
36 64
90 47
74 25
106 28
17 47
112 41
75 52
36 102
63 65
56 67
56 14
5 25
53 79
16 59
71 70
35 19
70 112
98 56
44 99
74 27
12 19
17 50
37 56
94 46
70 100
18 112
33 49
93 5
72 52
15 70
107 42
28 17
85 37
28 48
101 7
89 99
106 99
76 43
40 36
39 52
109 13
94 11
30 60
94 53
96 43
45 90
51 62
104 16
10 3
27 9
10 6
79 33
43 96
19 38
40 84
85 66
25 79
38 98
46 12
78 81
3 15
2 77
7 46
114 73
14 93
104 39
29 80
66 112
62 54
58 7
73 107
106 71
29 88
46 76
62 100
8 31
74 79
113 8
64 71
46 41
95 78
37 109
55 7
42 18
111 64
84 90
13 61
102 71
56 38
2 93
81 45
95 96
75 15
16 30
72 77
84 104
62 51
29 45
3 104
43 57
31 37
81 113
41 107
78 9
84 101
48 45
1 71
94 38
57 87
79 30
81 29
113 77
16 108
105 38
43 106
29 66
96 83
81 19
107 112
113 81
50 104
97 114
18 38
78 39
90 59
99 106
112 53
43 40
44 14
105 17
82 12
69 80
50 102
71 31
108 74
96 34
7 13
63 0
5 43
26 90
108 67
2 73
97 20
