145 2933
102 11
90 73
112 23
94 109
9 22
48 115
118 86
71 26
65 69
20 0
15 5
23 129
82 81
38 92
74 54
54 114
73 110
12 18
69 93
94 142
71 56
116 114
41 98
22 99
113 116
72 22
88 71
69 34
61 45
44 9
68 106
68 117
91 129
4 82
116 96
56 19
98 9
31 2
67 136
144 75
119 52
22 42
96 38
14 121
118 36
59 139
44 18
144 0
82 70
47 27
123 17
102 51
111 81
6 0
91 20
87 0
67 30
104 8
3 110
46 107
60 55
46 119
6 35
139 46
105 95
100 14
27 16
76 38
133 107
137 121
34 2
66 52
6 83
86 110
67 14
1 67
104 141
143 123
127 21
58 83
42 120
12 144
32 8
41 61
7 74
98 70
136 67
30 104
55 47
102 7
9 68
115 40
38 94
33 30
38 86
55 18
42 46
63 31
11 144
74 52
72 43
13 131
128 64
104 91
12 47
61 56
134 93
77 112
78 73
14 56
16 23
50 90
11 71
127 87
46 87
103 57
50 35
55 2
103 87
33 103
87 95
91 130
117 102
121 48
67 106
85 115
133 139
54 100
25 40
7 57
51 104
124 34
8 129
77 111
28 23
110 143
141 59
66 143
131 28
110 46
11 99
116 136
122 25
128 70
101 61
60 124
132 51
6 23
58 18
67 71
81 128
111 133
47 21
104 98
111 58
61 18
9 78
16 46
6 74
112 118
42 16
80 33
9 79
107 58
119 127
18 25
21 36
119 125
58 40
23 83
88 125
30 46
126 99
99 53
57 121
26 92
13 1
110 62
50 63
45 110
94 88
40 122
93 102
106 17
27 35
36 92
11 1
78 53
43 99
48 45
116 103
11 104
33 90
33 85
40 138
86 68
115 15
84 113
6 24
16 47
50 123
21 129
28 32
13 119
0 83
137 52
45 14
30 86
35 3
27 122
117 2
33 42
124 141
45 122
83 17
84 127
85 90
99 45
92 116
38 57
67 29
138 9
16 0
51 62
140 119
30 107
136 112
116 135
129 36
52 104
11 112
102 103
10 41
34 128
24 62
3 5
16 1
97 63
45 92
78 77
62 39
127 110
18 55
107 16
46 75
28 49
17 10
86 133
82 128
143 69
37 124
41 29
15 57
39 106
29 128
26 37
140 110
28 21
59 124
55 88
129 77
97 8
7 37
95 98
67 11
19 62
40 120
82 66
73 67
1 132
66 2
64 58
73 83
111 6
51 133
61 144
82 74
29 55
74 58
14 92
72 24
87 34
4 76
25 63
130 103
12 9
70 13
138 32
98 137
93 118
119 91
101 82
72 20
85 76
29 41
73 37
7 16
138 7
38 110
111 45
102 18
138 114
98 77
27 82
8 138
47 115
4 136
134 30
2 59
38 98
88 7
109 12
130 89
71 4
44 74
1 144
10 141
115 99
80 20
20 119
35 76
73 144
44 75
124 58
22 52
78 5
118 97
69 1
15 103
129 118
39 16
143 73
16 20
77 135
30 44
62 61
77 51
94 72
138 120
2 140
83 108
36 52
110 97
104 57
101 6
16 108
69 123
79 120
84 95
31 67
109 67
115 30
60 123
80 88
128 121
33 51
70 83
131 60
130 57
59 32
98 33
123 21
82 80
0 68
142 31
90 79
142 25
60 77
62 65
8 106
63 49
17 26
14 119
83 131
41 14
116 69
127 65
47 93
60 24
110 100
126 61
132 9
81 63
59 37
22 124
81 68
56 71
38 55
47 83
88 41
31 0
96 18
103 124
81 134
48 36
80 26
120 70
2 75
74 22
144 96
128 36
139 13
137 74
27 114
111 12
97 116
137 114
97 52
130 110
78 12
15 80
7 49
51 67
56 3
52 142
79 93
77 67
76 92
50 38
57 134
75 11
122 6
8 143
131 4
30 43
24 41
8 2
103 72
132 98
75 15
80 106
5 93
25 91
100 99
119 16
11 142
121 80
62 121
141 25
14 16
70 75
135 103
64 29
0 96
37 6
32 82
12 60
13 14
136 32
57 20
23 65
88 123
11 78
125 11
112 88
111 88
44 63
37 58
104 73
66 57
58 131
12 120
3 134
113 92
51 1
87 83
105 78
0 51
10 1
52 16
104 71
22 31
21 139
71 36
62 5
102 130
112 84
2 94
116 5
29 87
35 11
70 5
64 2
4 108
31 73
121 38
24 56
28 24
83 97
113 31
6 82
103 22
101 79
111 99
143 116
134 89
68 23
63 120
136 46
23 73
21 61
113 26
77 87
113 107
106 31
50 0
40 94
57 44
119 10
32 21
61 66
41 70
62 17
95 91
39 60
4 78
17 118
107 6
3 95
18 61
139 39
112 49
100 41
125 113
48 76
68 75
95 28
122 84
12 59
43 108
5 6
92 47
107 115
68 78
77 93
141 5
56 143
76 124
31 15
105 117
94 20
56 115
67 15
119 14
65 7
55 139
71 68
52 48
57 104
121 124
14 49
11 81
61 130
24 77
36 43
88 4
41 91
71 142
80 83
141 52
42 101
86 124
97 70
126 96
3 18
22 49
135 10
8 77
76 82
81 75
133 125
48 117
103 129
99 29
35 114
66 1
1 142
103 133
137 126
86 23
109 78
94 141
112 131
43 21
137 93
140 108
52 29
77 81
61 122
36 124
17 88
34 77
57 137
13 143
61 88
31 18
111 101
85 61
117 90
107 65
69 78
120 4
60 132
96 63
48 22
10 101
72 84
124 111
45 41
29 22
125 32
104 115
59 107
38 2
3 45
137 51
110 13
122 62
92 40
12 85
94 28
95 77
111 59
113 142
6 129
43 82
26 96
58 13
16 18
59 6
29 30
71 105
34 30
36 104
8 46
34 41
73 58
141 4
62 21
13 130
115 70
59 57
7 111
16 89
96 105
85 91
50 97
30 41
86 58
59 134
45 138
87 9
45 70
49 96
53 142
62 101
125 134
12 136
90 5
53 48
22 107
123 101
114 99
75 49
67 31
16 35
96 55
143 134
117 52
108 140
15 108
119 22
83 130
19 49
84 7
46 8
103 4
43 50
111 8
81 20
43 136
118 144
71 63
85 132
66 56
48 0
35 68
77 138
23 135
138 23
58 134
78 67
84 117
15 132
60 114
52 79
64 116
64 48
42 97
106 84
92 132
85 2
89 93
93 57
114 72
88 9
66 100
61 85
38 82
106 110
122 100
56 89
85 64
7 75
116 121
88 51
94 74
138 15
76 19
58 33
41 114
144 39
101 66
141 134
68 1
40 0
133 111
132 36
70 110
74 82
109 22
116 120
135 17
37 102
18 138
50 125
103 123
7 120
70 103
133 34
102 75
16 61
132 79
28 104
23 82
90 15
81 107
98 122
27 92
110 124
105 67
79 21
84 128
25 73
39 12
57 46
112 136
102 38
58 65
2 132
41 113
72 102
22 3
116 52
100 119
139 105
23 63
119 12
100 74
20 8
61 57
115 132
131 118
35 133
143 76
96 116
41 44
115 86
103 77
110 59
137 12
0 77
14 64
77 29
40 114
16 53
24 35
30 74
91 135
69 13
94 81
88 82
85 29
39 56
3 67
94 29
128 62
64 140
46 91
8 124
62 131
29 9
49 130
28 50
71 5
51 2
34 68
140 6
137 49
81 41
56 21
109 97
111 117
119 1
34 38
14 52
32 95
81 28
9 6
68 37
68 83
29 143
111 114
142 86
71 132
101 23
99 82
144 10
123 44
110 36
56 15
132 139
37 34
7 123
66 97
67 73
4 31
3 42
23 8
56 114
93 127
105 118
64 115
125 120
3 26
7 114
117 58
26 38
125 60
20 126
102 94
79 89
109 26
77 118
56 16
61 131
20 121
123 94
113 34
60 134
22 139
39 130
102 109
32 70
79 115
30 54
77 22
51 42
11 74
25 121
23 28
34 97
6 92
109 94
24 21
132 20
98 44
128 35
22 4
12 37
99 101
80 21
111 104
66 113
115 8
139 78
142 4
106 113
85 67
62 30
11 67
40 106
107 10
17 85
80 5
28 36
76 109
9 141
135 44
110 24
88 90
46 31
5 19
14 117
85 129
123 143
34 23
97 113
143 136
40 43
135 41
134 14
60 144
135 141
116 107
8 76
106 82
126 134
18 135
30 142
53 5
86 19
107 45
99 11
115 93
17 73
45 54
30 45
108 81
40 54
71 75
23 45
64 54
87 77
21 125
79 122
137 0
96 34
38 58
100 59
79 52
61 143
50 136
26 32
31 39
83 69
23 66
14 47
104 102
123 104
99 43
121 68
53 3
60 25
10 127
1 38
72 126
49 115
93 80
3 54
75 59
139 124
107 143
68 27
33 43
0 121
25 125
138 47
94 16
138 14
73 92
141 32
142 114
2 54
62 16
47 87
1 51
121 107
17 8
24 34
10 114
23 16
50 92
76 55
63 48
81 100
21 6
122 40
11 94
44 31
134 33
88 116
0 86
41 46
30 94
138 17
1 2
10 55
78 106
43 124
107 7
73 1
125 97
36 59
4 133
79 12
5 126
65 24
127 50
92 95
118 22
4 23
92 24
29 28
56 38
62 49
96 104
90 33
129 6
121 41
55 131
97 133
95 142
137 89
132 43
121 40
45 19
100 106
32 9
109 43
87 14
30 51
126 86
99 141
93 126
4 90
110 69
86 85
92 125
37 90
22 119
3 81
122 123
131 109
45 118
100 71
71 97
6 9
77 66
111 21
104 17
36 6
142 73
75 46
61 123
128 18
101 69
34 0
91 75
10 88
90 47
95 104
65 137
52 49
98 108
112 69
25 96
19 35
35 122
21 134
74 25
64 61
65 60
124 143
4 57
117 64
98 125
102 14
24 1
41 112
131 30
85 50
27 97
81 32
35 78
59 67
104 53
80 76
25 10
100 91
117 115
138 20
21 74
88 34
128 96
84 13
91 50
81 10
70 55
22 57
36 67
100 137
22 121
41 21
60 17
91 55
130 61
41 142
43 58
33 31
48 130
123 58
131 5
116 93
50 141
17 136
122 67
139 2
88 144
94 122
6 98
137 23
21 144
102 50
47 44
28 138
12 39
106 98
50 3
117 137
118 139
48 68
37 20
17 130
49 113
57 76
14 20
59 23
9 4
131 47
40 22
95 120
72 36
126 4
16 70
32 124
87 122
15 14
61 24
104 24
24 134
56 107
137 61
52 73
52 120
33 40
60 73
30 87
35 66
43 49
111 78
141 114
3 49
127 73
1 116
39 114
53 39
108 25
36 9
83 44
13 64
10 128
6 43
72 118
89 20
133 86
120 124
42 100
118 28
39 70
122 33
78 138
39 35
74 35
144 63
60 105
100 73
28 99
120 139
54 113
1 72
85 81
86 72
52 87
136 131
39 45
3 90
32 135
94 132
132 44
83 27
81 120
112 5
140 32
116 119
1 12
91 73
24 83
129 115
17 38
13 102
37 61
11 61
130 82
95 125
93 25
133 138
138 123
38 6
43 120
77 8
28 93
71 50
68 132
14 1
0 133
122 124
66 129
49 136
82 51
124 126
20 48
99 14
54 96
126 25
3 130
138 58
121 49
126 113
30 110
0 113
17 141
140 114
141 1
22 39
52 130
32 129
48 44
28 85
6 94
8 65
105 66
11 135
22 138
19 25
110 60
80 72
70 77
96 50
47 36
128 140
61 142
139 59
10 5
92 48
98 78
78 22
119 55
49 54
60 53
54 107
90 21
111 79
29 44
55 63
78 46
66 63
7 27
49 108
141 55
82 18
2 70
51 103
130 12
117 128
64 11
126 115
106 86
45 105
10 69
119 106
97 81
115 63
54 13
79 123
63 57
6 3
53 6
72 85
135 60
112 12
140 111
52 77
116 55
90 0
124 0
129 82
25 101
14 31
99 70
124 18
113 37
14 41
125 132
22 75
86 49
115 102
133 76
52 10
69 129
49 101
65 94
43 119
39 122
83 42
12 135
1 13
112 85
92 111
108 18
132 62
55 1
61 59
135 81
71 92
100 107
140 116
131 55
46 25
6 12
104 0
126 136
60 29
38 85
143 83
79 48
142 111
84 71
140 50
42 63
67 6
42 17
139 26
39 88
127 45
85 72
107 23
118 9
10 43
129 43
34 81
130 94
59 41
26 49
142 53
22 72
113 75
6 100
97 67
49 18
65 87
124 138
108 85
125 100
50 74
26 4
29 60
124 30
9 38
57 16
12 125
15 73
62 8
65 36
53 10
133 19
142 65
64 119
131 130
69 108
88 59
4 3
71 1
1 140
32 120
130 27
95 105
86 140
102 129
98 64
63 113
10 27
118 134
58 28
86 115
24 42
46 106
29 112
124 99
130 56
11 84
40 18
57 74
17 113
21 113
72 93
9 40
59 84
109 95
143 75
138 0
53 40
65 84
139 12
76 79
108 43
46 92
114 110
65 28
79 4
116 42
0 38
62 114
104 100
13 88
23 62
90 68
81 89
30 20
32 60
84 19
22 66
68 19
20 54
129 49
63 109
76 132
54 127
56 1
39 103
20 81
45 96
107 109
125 51
17 53
89 116
4 62
43 18
45 56
47 5
114 139
75 51
71 95
52 31
128 32
39 134
17 75
72 30
26 103
50 102
62 55
71 17
119 5
55 91
50 64
46 66
70 74
117 41
37 93
123 99
127 122
70 20
133 36
122 29
5 61
144 13
29 139
102 101
24 104
10 106
88 12
11 79
123 125
91 120
71 53
24 137
28 62
136 33
101 68
57 45
10 18
132 57
86 81
110 15
79 91
108 66
99 137
46 103
41 0
121 101
105 92
3 13
65 75
87 89
97 93
34 37
68 40
76 75
94 47
67 17
17 34
107 131
35 32
5 78
123 131
100 96
107 102
136 69
90 96
25 134
123 78
33 113
50 133
1 16
104 117
59 22
130 67
75 65
37 68
38 80
33 18
140 73
62 34
137 143
35 62
113 108
45 55
10 56
130 143
141 103
133 124
96 81
119 4
39 110
126 111
1 112
110 113
123 86
19 136
112 7
127 121
133 70
1 104
112 59
105 103
50 140
45 27
73 114
90 69
58 73
26 6
75 43
38 16
86 12
91 8
5 13
137 1
17 4
144 140
99 26
112 98
50 28
126 121
20 21
18 60
88 44
42 50
94 73
85 28
31 85
80 44
28 134
44 43
83 37
17 2
73 32
58 29
87 131
126 41
129 122
90 16
22 127
86 4
101 88
62 102
135 80
56 33
79 104
83 86
59 87
118 66
2 142
86 94
3 7
27 88
66 104
116 75
96 67
14 129
102 49
28 94
22 13
56 57
27 50
29 75
118 51
118 33
123 11
80 86
135 3
126 5
45 7
41 47
133 92
135 27
136 96
96 144
119 47
90 83
139 55
133 50
135 107
19 118
13 16
104 123
31 142
74 42
119 65
14 55
12 91
133 47
92 34
11 40
4 143
123 33
13 49
96 3
92 97
15 113
114 54
52 45
46 73
111 112
56 121
97 139
40 44
104 43
120 44
6 51
141 125
14 90
103 88
6 111
20 63
31 92
95 86
68 102
43 8
102 83
5 91
20 112
25 53
20 13
62 24
15 135
59 89
100 95
0 49
33 34
117 1
68 138
36 50
133 122
71 96
62 54
139 52
20 52
96 91
7 2
82 112
15 90
59 73
19 88
21 87
25 133
16 14
134 62
20 104
93 26
102 135
38 20
97 31
103 120
124 12
139 116
32 89
60 142
53 49
6 95
1 44
113 10
52 95
75 81
138 35
71 106
8 135
130 66
51 141
30 32
75 74
31 7
65 51
99 116
138 137
80 126
45 123
86 18
13 54
6 88
7 125
121 108
135 52
59 121
75 48
78 102
64 113
101 52
110 116
74 3
63 52
52 136
39 25
64 120
71 93
36 119
74 83
27 90
24 64
28 18
1 60
32 110
25 42
109 93
96 97
117 144
66 25
102 122
55 69
132 88
143 11
138 133
99 57
121 75
12 61
112 83
81 137
79 110
59 74
117 122
127 40
126 24
20 102
77 114
77 26
41 18
18 2
52 97
112 0
56 101
58 99
55 96
90 126
36 8
72 80
21 128
19 125
57 70
97 129
14 130
82 89
11 66
110 76
81 4
125 43
109 57
76 133
65 106
44 109
34 116
107 101
127 98
51 54
4 8
28 108
33 132
89 69
16 86
14 25
91 46
48 33
141 18
114 141
84 49
14 76
143 19
74 81
76 0
128 91
141 41
74 8
49 117
38 65
44 127
19 117
132 106
85 137
70 30
12 62
92 28
100 23
74 79
0 120
80 60
59 36
8 103
46 51
91 44
113 59
14 87
72 74
87 8
4 15
132 4
113 13
11 49
109 142
83 78
130 28
62 81
94 93
2 82
11 97
101 131
66 134
92 38
65 141
82 48
107 64
100 12
28 101
23 36
48 54
9 98
1 135
72 48
113 11
25 104
101 105
61 16
99 8
108 97
68 130
87 13
18 28
4 126
136 12
71 51
27 36
25 49
34 103
126 73
46 55
67 94
57 127
120 113
111 66
88 130
110 35
2 73
25 128
8 40
14 5
99 139
38 14
134 7
19 84
126 47
125 28
2 91
45 38
60 23
11 80
5 12
58 60
123 63
42 30
81 106
32 62
48 25
125 74
76 134
56 125
24 115
136 132
83 46
55 19
116 105
107 121
98 74
61 3
106 25
123 89
63 99
33 127
61 20
5 16
33 126
33 35
102 68
22 131
109 121
49 87
126 65
8 62
106 114
74 80
131 40
68 71
128 134
46 65
46 124
29 142
34 64
44 123
16 59
136 75
5 83
101 134
13 37
18 23
50 82
34 112
57 86
122 30
73 21
84 120
88 69
84 61
12 129
1 117
83 22
123 116
76 111
28 114
10 142
135 89
53 20
124 39
44 128
129 98
66 90
56 70
125 54
105 75
118 19
15 140
70 124
131 135
33 72
36 23
116 49
45 139
46 127
16 63
51 18
119 82
132 82
85 37
2 1
135 110
9 32
4 35
34 139
136 113
124 31
132 45
36 35
55 12
74 50
84 131
128 5
69 98
12 109
69 82
138 13
42 57
31 72
51 53
4 103
32 31
40 67
49 65
4 49
88 26
21 3
131 93
86 77
64 68
17 83
126 46
5 88
72 78
1 63
141 48
140 60
48 79
64 142
29 72
30 38
120 111
129 99
76 140
132 133
128 113
131 85
140 92
42 31
93 28
6 136
128 49
88 92
74 104
53 131
51 82
134 22
1 118
110 91
121 1
71 137
41 32
42 66
40 109
5 1
42 92
137 64
91 63
129 96
48 8
12 10
140 88
32 17
101 16
18 144
136 2
46 95
22 115
139 63
103 37
31 99
46 42
27 69
116 23
103 24
144 48
141 16
84 87
1 39
34 35
58 132
8 51
116 81
50 101
118 98
85 114
46 118
23 139
51 115
100 141
42 143
68 105
34 21
108 23
14 94
69 60
62 41
143 105
35 100
122 59
99 33
90 74
57 140
80 99
59 100
50 118
75 19
13 40
75 57
36 120
105 80
82 135
71 134
79 10
132 125
41 69
114 107
12 32
34 131
91 51
96 24
78 49
54 136
54 128
66 12
41 8
20 65
62 68
20 103
40 57
25 123
129 90
11 63
138 103
7 87
27 30
86 97
88 84
0 48
115 117
103 83
24 89
129 119
114 24
123 117
132 49
0 25
58 92
85 13
61 34
63 79
119 68
63 144
2 108
42 35
34 7
22 61
12 66
8 17
59 10
123 132
78 121
141 24
142 108
18 91
105 44
125 119
21 55
55 4
75 7
43 45
144 67
50 66
16 11
131 114
98 65
98 142
131 11
60 121
51 66
53 24
11 33
42 114
96 22
59 106
5 74
132 69
47 28
57 125
24 106
71 118
26 20
33 114
100 60
45 43
139 23
27 77
77 56
64 94
124 49
14 33
103 118
90 120
85 21
64 141
3 99
82 29
114 18
20 85
136 79
17 35
104 131
93 116
51 102
131 52
4 70
41 89
0 115
24 38
29 116
137 102
37 21
93 55
4 86
7 8
24 84
75 101
15 52
124 89
136 47
19 128
140 78
104 58
88 72
87 27
12 7
28 56
90 101
69 46
25 102
99 34
70 85
133 119
100 65
34 113
23 4
100 94
11 136
86 48
18 98
52 37
115 67
125 102
127 52
130 79
58 91
143 71
8 18
25 55
135 33
102 32
125 99
69 8
43 26
103 6
106 92
69 96
59 12
88 25
103 19
47 56
29 114
23 98
136 141
26 134
112 14
72 135
32 85
92 109
144 21
55 52
86 87
105 5
142 61
118 78
16 117
36 19
12 86
63 111
129 58
36 22
142 129
54 102
33 59
67 80
76 94
5 135
128 123
84 115
18 132
88 128
9 58
35 87
20 144
76 114
25 24
77 100
128 103
4 73
0 6
1 71
132 123
41 126
59 20
58 105
117 55
12 113
130 10
55 62
125 3
56 87
121 126
90 127
45 44
99 128
66 38
27 142
106 12
85 15
66 60
71 88
115 66
99 59
22 101
3 80
139 69
12 34
130 90
105 100
92 50
108 38
7 70
144 61
80 24
36 74
68 25
78 10
9 119
87 2
66 61
40 112
77 129
19 47
85 31
65 104
17 92
122 101
100 58
73 91
68 62
40 99
67 8
55 14
116 113
84 106
15 37
24 135
131 97
10 135
95 114
130 17
8 126
30 144
132 102
68 36
30 6
38 52
113 131
76 17
56 85
122 9
27 104
33 89
89 123
122 126
10 28
61 10
53 51
125 30
107 31
117 132
51 100
66 106
116 11
129 53
47 57
78 135
126 109
132 12
68 16
108 89
37 13
50 68
91 35
87 53
108 98
51 80
46 84
41 56
20 120
14 111
98 87
14 68
87 6
1 70
136 8
94 5
93 133
126 28
94 57
2 0
71 98
138 129
22 73
6 38
92 8
74 134
74 2
64 12
132 126
123 133
31 141
57 128
22 50
48 78
28 141
85 12
16 133
35 140
125 107
56 8
25 37
42 26
7 0
34 67
51 93
98 85
7 62
83 114
48 124
123 107
83 29
3 82
97 83
132 54
112 137
16 33
64 40
72 26
90 116
22 110
96 112
28 103
81 119
103 15
44 71
0 56
96 76
113 28
121 32
49 120
122 16
0 79
88 43
116 20
92 130
3 107
106 52
84 62
65 30
23 131
112 16
109 39
108 71
12 106
12 92
57 133
87 67
33 74
45 90
28 95
55 136
128 92
121 114
106 93
112 65
14 133
56 99
132 121
70 40
120 51
104 119
87 111
20 12
129 114
115 82
130 7
87 18
70 23
139 64
10 124
118 123
39 61
56 105
67 58
76 41
136 35
46 68
0 72
79 140
76 33
64 24
130 37
100 4
114 25
33 4
65 109
36 72
68 77
4 123
122 118
141 15
92 7
135 86
34 95
61 9
72 41
34 75
42 29
43 81
11 51
96 111
71 54
140 17
27 31
129 44
108 88
74 30
1 11
89 65
56 22
76 53
87 65
13 114
44 21
63 74
142 118
122 114
116 32
141 49
131 102
5 98
101 31
100 112
42 118
4 104
65 82
42 27
91 108
140 125
7 106
131 46
28 30
143 114
67 142
130 24
133 14
123 2
123 42
127 138
52 98
101 125
59 99
138 40
86 116
66 130
11 124
57 43
67 124
29 126
51 140
5 35
137 19
68 72
33 88
142 62
39 113
116 139
98 109
53 63
128 104
31 35
19 89
3 98
49 63
51 74
34 76
116 59
59 60
53 94
111 64
18 46
38 47
84 50
100 110
134 55
131 66
44 133
24 12
29 51
75 129
78 128
128 48
89 94
30 50
42 119
55 99
67 108
141 2
118 131
143 24
102 119
29 45
5 30
130 16
73 80
66 138
84 124
92 37
66 68
70 52
90 8
27 25
107 22
88 105
120 121
8 25
65 118
68 118
100 136
13 53
5 116
22 89
90 27
90 59
140 61
37 16
42 68
83 139
94 54
19 26
64 5
67 1
67 70
98 127
75 35
46 59
116 76
143 59
54 99
22 104
85 89
83 2
24 129
44 66
60 45
123 51
110 127
26 64
19 24
81 140
94 31
65 136
101 59
87 62
103 105
143 43
41 141
69 94
61 27
127 25
113 19
57 7
126 133
139 31
112 114
132 127
88 17
61 30
60 64
32 92
115 46
69 137
142 19
4 26
117 44
144 40
95 13
83 118
119 128
94 77
18 47
118 20
32 26
73 11
88 141
60 118
134 84
114 101
105 73
127 60
79 47
19 95
119 69
73 122
119 45
71 11
94 43
90 2
69 44
135 100
112 35
35 9
3 41
94 4
21 96
63 105
110 142
118 87
2 65
92 78
72 40
5 79
111 57
94 10
96 75
45 46
77 95
53 133
12 69
94 70
73 89
133 82
134 64
79 81
36 130
41 78
73 130
131 137
112 28
59 70
58 43
131 59
92 9
58 126
111 36
115 136
49 24
137 38
136 108
68 38
132 19
85 73
88 101
108 133
65 124
65 139
105 28
37 54
84 75
110 139
39 78
17 128
87 139
88 131
0 127
63 8
144 127
11 107
72 39
87 120
79 88
48 112
45 9
40 118
59 97
129 2
123 60
117 8
126 102
42 10
42 144
46 16
87 71
124 107
100 16
33 16
15 47
132 73
49 107
6 116
85 118
19 51
44 13
136 13
142 75
41 64
25 1
84 9
28 46
112 86
6 20
72 34
37 66
57 136
51 36
54 36
2 12
73 72
55 22
114 9
132 119
106 42
100 39
101 10
73 47
106 58
109 126
130 93
99 30
111 53
41 38
101 144
3 106
128 141
24 118
129 26
39 102
25 131
89 122
14 93
122 24
133 6
51 13
62 106
64 51
102 115
29 130
99 50
100 103
51 71
55 90
56 84
53 119
25 18
106 5
46 83
13 0
35 63
137 4
31 114
20 43
72 0
1 45
0 46
129 60
106 48
131 38
28 133
70 54
50 105
133 26
48 66
144 14
29 122
83 68
54 38
142 34
72 53
85 59
128 78
115 36
79 130
44 126
84 132
76 95
75 10
120 58
75 124
83 70
59 95
118 6
36 33
92 54
94 117
14 43
15 79
30 139
91 80
54 18
71 76
40 85
108 103
124 79
83 85
102 67
125 64
108 62
105 129
33 53
63 20
56 98
4 30
49 144
78 11
120 33
