188
16.30 70.00
26.67 70.00
28.00 1.27
28.00 5.92
28.00 6.40
28.00 15.21
28.00 24.62
28.00 40.26
28.00 54.86
28.00 67.49
28.00 70.00
28.00 78.93
28.00 84.35
28.00 87.90
29.62 70.00
32.35 70.00
35.26 70.00
40.29 70.00
41.67 70.00
52.23 70.00
53.11 70.00
54.68 70.00
58.36 70.00
65.29 70.00
92.72 70.00
99.02 70.00
21.48 61.02
22.15 80.13
22.15 59.87
22.96 58.46
24.33 56.10
25.78 86.42
25.78 53.58
28.30 90.78
28.98 91.97
34.27 38.88
34.70 38.12
35.49 36.76
40.80 112.43
57.66 141.64
57.66 -1.64
27.34 71.15
28.15 72.55
29.51 74.92
30.96 77.44
30.96 62.56
33.48 81.80
34.17 82.99
39.45 92.14
39.89 92.90
40.67 45.74
42.52 42.56
62.84 7.34
32.03 3.59
32.44 3.83
7.78 12.95
85.35 34.38
-29.35 34.38
-39.26 40.10
99.95 42.81
-43.95 42.81
-47.02 44.59
19.95 10.57
57.74 23.09
-1.74 23.09
70.38 30.39
81.32 36.70
83.49 37.96
-27.49 37.96
91.23 42.43
-35.23 42.43
95.92 45.13
-39.92 45.13
99.00 46.91
-43.00 46.91
35.63 10.80
20.37 10.80
12.22 15.51
57.32 23.33
69.97 30.63
80.91 36.95
-24.91 36.95
90.81 42.67
95.51 45.38
-39.51 45.38
98.58 47.15
49.69 27.73
62.34 35.03
73.28 41.35
75.45 42.61
83.18 47.07
-27.18 47.07
87.88 49.78
-31.88 49.78
14.46 32.44
1.81 39.74
-19.03 51.78
-23.73 54.48
82.80 56.26
-26.80 56.26
40.64 47.56
15.36 47.56
53.76 55.13
2.24 55.13
-5.49 59.59
66.18 62.30
69.26 64.08
38.94 61.17
17.06 61.17
41.11 62.43
14.89 62.43
48.85 66.90
2.46 69.60
56.61 71.38
30.17 68.75
18.09 73.21
42.60 75.92
13.40 75.92
12.50 78.95
28.81 71.40
28.81 68.60
31.63 76.29
34.14 80.64
34.84 81.84
40.11 90.98
40.55 48.25
41.34 93.11
43.18 43.71
60.36 13.95
63.51 131.51
63.51 8.49
35.77 83.42
24.93 86.12
30.98 72.36
34.95 60.76
35.65 59.56
40.92 89.58
40.92 50.42
42.15 91.70
61.17 124.65
36.32 76.88
42.73 87.98
42.73 52.02
45.36 92.53
45.36 47.47
48.82 98.53
48.82 41.47
62.53 17.72
37.77 74.36
37.77 65.64
38.47 75.55
38.47 64.45
43.74 55.30
44.19 85.46
44.19 54.54
46.81 90.01
46.26 80.34
46.26 59.66
46.70 58.90
47.48 57.54
52.79 48.35
66.50 115.41
46.95 79.15
47.39 79.91
47.39 60.09
48.17 58.73
50.02 84.45
50.02 55.55
53.48 90.46
53.48 49.54
67.19 25.79
70.34 119.67
52.67 70.76
52.67 69.24
53.45 67.88
75.62 110.52
53.89 71.36
72.91 35.70
76.06 109.76
56.52 73.19
73.70 102.94
61.83 64.00
75.54 99.76
75.54 40.24
79.00 93.76
82.16 40.79
95.87 75.46
95.87 64.54
