372
3.49 77.00
14.14 77.00
19.58 77.00
25.58 77.00
27.00 9.19
27.00 19.92
27.00 25.08
27.00 28.30
27.00 39.54
27.00 47.31
27.00 50.97
27.00 52.22
27.00 59.60
27.00 61.52
27.00 70.00
27.00 71.45
27.00 72.84
27.00 77.00
27.00 87.72
27.00 93.80
27.00 96.21
32.83 77.00
38.86 77.00
39.78 77.00
45.23 77.00
47.23 77.00
53.90 77.00
54.17 77.00
78.92 77.00
80.27 77.00
83.31 77.00
85.03 77.00
93.95 77.00
97.63 77.00
98.92 77.00
99.73 77.00
8.82 86.22
8.82 67.78
11.54 90.93
11.54 63.07
15.25 97.36
15.25 56.64
21.18 107.63
21.18 46.37
21.64 108.43
21.64 45.57
25.36 39.12
28.70 120.66
41.88 10.51
43.40 146.13
44.26 6.38
48.72 155.34
48.72 -1.34
51.20 -5.64
51.61 -6.35
16.86 72.29
19.86 67.09
20.57 65.86
23.48 93.19
26.50 55.59
26.96 54.80
29.68 103.92
34.16 111.67
34.16 42.33
46.53 20.90
47.20 19.73
48.73 17.10
49.59 15.61
56.53 150.42
56.94 151.12
29.22 93.70
29.22 60.30
29.68 59.51
32.41 99.21
33.41 100.95
36.88 106.96
49.25 128.39
49.92 129.56
49.92 24.44
51.45 132.19
51.45 21.81
52.30 20.32
56.77 141.41
56.77 12.59
58.60 9.41
59.25 145.71
59.66 146.41
26.29 75.77
29.20 70.72
32.22 88.50
32.22 65.50
32.68 89.30
35.41 94.02
36.41 95.75
36.41 58.25
52.25 30.81
52.92 124.36
52.92 29.64
54.45 127.00
54.45 27.00
55.30 128.49
59.77 136.21
59.77 17.79
61.60 139.40
62.25 140.51
62.25 13.49
62.66 12.78
17.71 14.55
13.24 17.13
10.45 18.75
0.72 24.36
-6.01 28.25
63.18 30.08
64.27 30.70
-10.27 30.70
79.66 39.59
-25.66 39.59
80.92 40.32
85.73 43.09
-31.73 43.09
95.01 48.45
-46.27 51.49
102.36 52.70
-48.36 52.70
43.99 29.73
3.28 33.62
53.89 35.45
0.11 35.45
-0.97 36.07
63.03 40.72
72.83 46.38
85.72 53.82
-31.72 53.82
90.98 56.86
93.07 58.06
29.79 26.69
24.21 26.69
14.48 32.31
50.50 38.65
3.50 38.65
56.90 42.34
-2.90 42.34
-4.56 43.30
-11.90 47.54
67.16 48.27
-14.36 48.96
-17.96 51.04
81.25 56.40
-27.25 56.40
86.51 59.44
-32.51 59.44
36.73 33.92
17.27 33.92
43.46 37.80
46.63 39.63
7.37 39.63
47.72 40.26
6.28 40.26
54.11 43.95
-0.11 43.95
55.77 44.91
-1.77 44.91
63.11 49.15
-10.37 49.88
65.57 50.57
69.18 52.65
78.46 58.01
-24.46 58.01
-29.72 61.05
-31.81 62.25
20.27 43.42
17.10 45.25
16.02 45.88
9.63 49.57
46.04 50.53
7.96 50.53
0.62 54.77
-1.84 56.19
59.44 58.27
-5.44 58.27
68.73 63.63
-14.73 63.63
73.99 66.67
30.17 49.14
23.83 49.14
31.25 49.77
22.75 49.77
16.36 53.45
14.69 54.42
7.35 58.66
52.71 62.16
67.26 70.56
-15.35 71.76
25.92 51.59
34.47 55.28
19.53 55.28
9.26 61.21
45.94 61.91
8.06 61.91
64.09 72.38
66.18 73.59
-12.18 73.59
33.39 55.91
35.05 56.87
11.60 61.11
10.35 61.84
57.74 69.97
-3.74 69.97
63.01 73.01
65.10 74.22
-11.10 74.22
25.34 60.56
42.07 68.30
11.93 68.30
51.35 73.66
-4.71 77.91
35.60 66.48
18.40 66.48
36.80 67.18
17.20 67.18
40.41 69.26
49.69 74.62
4.31 74.62
54.96 77.66
57.04 78.86
-3.04 78.86
25.74 70.72
33.06 73.50
20.94 73.50
42.35 78.86
11.65 78.86
47.61 81.90
22.19 74.22
12.91 79.59
46.36 82.62
7.64 82.62
5.56 83.83
23.40 74.92
39.89 80.28
14.11 80.28
47.24 84.53
6.76 84.53
36.28 82.36
17.72 82.36
41.55 85.40
29.91 82.05
29.91 71.95
33.39 88.07
36.11 92.79
36.11 61.21
37.11 94.52
37.11 59.48
40.45 53.70
53.63 123.13
56.02 127.26
62.96 14.72
32.27 90.76
21.73 90.76
34.35 91.97
19.65 91.97
29.09 95.00
36.30 83.02
36.30 70.98
43.50 95.48
43.50 58.52
55.88 37.08
56.55 118.08
56.55 35.92
58.07 120.72
58.07 33.28
58.93 122.21
58.93 31.79
63.39 129.93
63.39 24.07
65.23 20.88
65.88 134.24
39.32 77.80
42.05 71.48
58.89 111.69
61.09 115.49
61.95 116.98
66.41 124.71
68.25 127.90
68.25 26.10
68.89 24.99
43.50 70.55
46.98 89.46
46.98 64.54
59.35 110.90
59.35 43.10
60.02 112.07
61.55 39.30
62.41 37.81
66.87 123.91
66.87 30.09
68.70 127.10
69.35 128.22
69.75 25.08
46.23 75.27
62.08 106.18
62.08 47.82
62.75 46.65
64.27 44.02
65.13 111.47
65.13 42.53
69.59 34.81
71.43 31.62
72.08 123.50
72.48 29.80
50.56 82.78
50.56 71.22
63.08 104.44
63.75 48.39
65.27 108.25
65.27 45.75
66.13 44.26
70.59 117.46
70.59 36.54
72.43 120.65
54.03 77.23
54.03 76.77
66.41 98.67
66.41 55.33
67.08 54.16
68.61 51.53
73.92 111.68
73.92 42.32
75.77 114.87
75.77 39.13
76.81 116.69
66.55 98.43
67.22 99.60
67.22 54.40
68.74 102.24
68.74 51.76
69.60 50.27
74.06 111.45
75.90 114.64
75.90 39.36
76.95 116.46
76.95 37.54
79.59 78.17
79.59 75.83
81.12 80.80
81.12 73.20
81.97 82.29
81.97 71.71
86.44 90.02
88.92 94.32
89.33 58.98
81.79 79.63
81.79 74.37
82.65 81.12
87.11 65.15
88.95 92.03
88.95 61.97
89.59 60.85
90.00 93.85
90.00 60.15
88.63 86.21
88.63 67.79
90.47 89.40
91.12 90.52
91.52 91.22
89.49 84.72
91.97 64.97
95.79 73.81
96.44 81.30
96.84 71.99
98.28 78.12
98.28 75.88
98.68 75.18
