561
2.14 10.00
6.99 10.00
16.00 3.18
16.00 4.57
16.00 7.87
16.00 10.00
16.00 13.18
16.00 17.14
16.00 22.33
16.00 24.17
16.00 25.35
16.00 32.57
16.00 35.46
16.00 36.30
16.00 40.05
16.00 52.61
16.00 54.11
16.00 74.11
16.00 75.64
16.00 79.88
16.00 82.28
16.00 83.07
16.00 92.27
16.00 95.49
21.13 10.00
30.29 10.00
31.10 10.00
33.64 10.00
36.34 10.00
39.69 10.00
52.99 10.00
53.98 10.00
57.99 10.00
61.04 10.00
67.74 10.00
72.53 10.00
73.22 10.00
78.67 10.00
80.19 10.00
83.94 10.00
84.90 10.00
85.29 10.00
86.31 10.00
87.59 10.00
88.86 10.00
90.47 10.00
4.57 5.80
9.07 22.00
11.63 -6.45
16.21 34.38
16.62 35.08
16.62 -15.08
19.24 -19.62
20.91 -22.52
27.57 54.04
27.57 -34.04
30.07 58.37
30.07 -38.37
31.59 -41.01
34.94 66.81
37.68 -51.56
40.41 76.28
43.52 81.67
43.72 82.01
44.23 82.89
44.23 -62.89
44.87 84.00
44.87 -64.00
45.50 -65.10
46.30 -66.50
11.50 2.20
14.06 22.25
18.64 -10.18
19.05 30.88
23.34 38.32
23.34 -18.32
29.99 -29.84
30.48 -30.69
32.49 54.17
32.49 -34.17
34.02 56.81
39.76 66.76
39.76 -46.76
40.10 -47.36
43.59 73.39
45.46 76.64
47.92 -60.90
20.06 5.53
11.94 5.53
21.91 6.59
7.34 8.18
28.09 10.16
3.91 10.16
-0.58 12.75
34.18 13.68
35.20 14.27
41.45 17.88
-9.45 17.88
-11.96 19.32
44.68 19.74
47.93 21.61
-15.93 21.61
-26.81 27.89
60.11 28.64
-45.43 38.65
78.75 39.41
82.42 41.53
-52.50 42.73
85.19 43.12
95.94 49.34
-63.94 49.34
18.86 6.22
20.70 7.29
26.89 10.86
5.11 10.86
32.97 14.37
-0.97 14.37
34.00 14.96
40.25 18.57
-8.25 18.57
-10.75 20.02
-11.48 20.43
58.90 29.34
-26.90 29.34
-44.22 39.34
77.55 40.11
-45.55 40.11
94.74 50.03
14.16 8.94
24.03 12.51
7.97 12.51
28.52 15.10
3.48 15.10
1.88 16.02
31.14 16.61
37.39 20.22
-5.39 20.22
-11.87 23.96
56.05 30.99
-41.37 40.99
-42.69 41.76
78.36 43.88
80.44 45.08
81.13 45.47
-49.13 45.47
-59.88 51.68
18.75 11.59
13.25 11.59
26.68 16.16
28.27 17.09
2.71 17.68
38.78 23.15
-6.78 23.15
-10.02 25.02
52.90 31.30
-20.90 31.30
71.52 42.05
76.52 44.94
79.28 46.53
-47.28 46.53
87.25 51.13
18.56 5.56
23.55 23.08
23.55 -3.08
24.82 25.28
24.82 -5.28
26.17 27.61
27.84 30.52
34.50 42.03
34.99 42.89
38.52 -29.01
41.87 -34.81
44.27 58.96
44.61 59.55
44.61 -39.55
47.34 64.27
48.09 65.59
48.09 -45.59
49.97 68.84
49.97 -48.84
50.45 69.67
50.45 -49.67
50.65 70.01
51.80 72.00
12.57 15.16
8.08 17.75
25.52 18.68
5.46 19.27
32.79 22.88
-0.79 22.88
35.30 24.32
-3.30 24.32
39.27 26.61
-7.27 26.61
-19.45 33.64
70.09 44.41
-43.84 47.73
76.53 48.12
84.49 52.72
-52.49 52.72
87.28 54.33
-55.28 54.33
22.09 20.66
23.11 21.25
31.87 26.30
32.59 26.72
-0.59 26.72
-3.84 28.59
46.72 34.88
-16.02 35.62
-33.34 45.62
-34.66 46.39
70.33 48.51
73.10 50.10
-41.10 50.10
17.59 23.25
14.41 23.25
18.62 23.84
24.87 27.45
7.13 27.45
27.37 28.89
4.63 28.89
28.10 29.31
0.65 31.19
42.22 37.47
-10.22 37.47
-11.52 38.22
60.84 48.22
-30.17 48.98
65.84 51.10
-33.84 51.10
67.92 52.30
-35.92 52.30
79.36 58.91
23.27 28.37
8.73 28.37
6.22 29.82
5.50 30.23
40.63 38.39
41.93 39.14
59.25 49.14
-27.25 49.14
60.57 49.91
-32.25 52.02
66.32 53.23
-34.32 53.23
67.01 53.62
-35.01 53.62
74.98 58.22
-42.98 58.22
77.76 59.83
-45.76 59.83
22.25 28.96
7.24 30.41
6.52 30.82
28.73 32.70
3.27 32.70
-7.61 38.98
58.23 49.73
-27.55 50.50
73.95 58.81
18.50 34.02
13.50 34.02
19.23 34.44
33.36 42.59
-2.65 43.34
-19.97 53.34
-24.97 56.22
59.05 57.42
59.73 57.82
-27.73 57.82
67.70 62.42
-35.70 62.42
70.49 64.03
-38.49 64.03
16.73 35.88
12.02 37.75
32.15 44.78
-0.15 44.78
49.47 54.78
-17.47 54.78
50.80 55.55
-18.80 55.55
54.47 57.67
-24.55 58.87
-35.99 65.47
19.25 38.17
12.75 38.17
30.12 44.45
31.42 45.20
50.07 55.97
-18.07 55.97
-21.74 58.09
56.50 59.68
64.47 64.28
67.26 65.89
-35.26 65.89
28.18 47.08
-13.50 57.08
52.57 61.16
-20.57 61.16
-29.22 66.16
17.30 53.36
34.62 63.36
35.94 64.12
-7.62 66.25
42.38 67.84
-10.38 67.84
50.35 72.44
-18.35 72.44
53.14 74.05
33.32 64.11
-1.32 64.11
-2.65 64.88
-8.40 68.19
41.08 68.59
-17.05 73.19
51.84 74.80
17.33 74.88
11.00 77.00
23.76 78.59
8.24 78.59
31.73 83.19
0.27 83.19
34.52 84.80
10.25 78.96
9.57 79.35
30.40 83.95
33.19 85.56
-1.19 85.56
13.92 81.08
26.73 86.07
29.52 87.69
16.68 82.67
15.32 82.67
7.35 87.28
4.56 88.88
23.97 87.67
8.03 87.67
13.21 93.88
25.71 17.93
26.12 18.63
26.12 1.37
27.38 20.83
27.38 -0.83
30.41 -6.07
37.06 37.59
39.56 -21.92
44.43 50.37
44.43 -30.37
46.83 54.51
47.17 55.11
47.17 -35.11
49.90 59.83
50.66 -41.15
52.53 64.40
53.21 -45.56
53.72 66.45
53.72 -46.45
54.36 -47.56
55.80 70.05
55.80 -50.05
30.70 10.70
30.70 9.30
31.96 12.90
31.96 7.10
33.31 15.24
34.99 18.14
41.64 29.66
44.14 33.99
44.14 -13.99
45.66 36.63
45.66 -16.63
51.41 46.58
51.75 -27.18
54.48 51.90
54.48 -31.90
55.24 53.21
57.11 -36.46
57.59 -37.29
57.79 -37.63
58.30 58.51
58.94 59.62
60.38 -42.12
32.37 12.20
32.37 7.80
35.39 2.56
42.05 -8.96
42.54 29.81
42.54 -9.81
44.55 33.29
44.55 -13.29
46.07 35.93
46.07 -15.93
51.81 45.88
52.16 46.48
52.16 -26.48
54.89 -31.20
55.64 52.51
55.64 -32.51
57.52 55.76
58.00 56.59
58.00 -36.59
58.20 -36.93
58.70 57.81
58.70 -37.81
59.34 -38.92
59.98 -40.02
34.99 7.66
36.66 15.24
36.66 4.76
45.81 -11.09
47.34 -13.73
50.69 39.53
53.09 43.68
53.43 44.28
58.79 -33.56
59.98 55.61
60.62 -36.72
61.25 57.82
61.25 -37.82
62.05 59.22
62.05 -39.22
38.02 7.10
44.67 24.42
45.16 25.28
45.16 -5.28
48.69 -11.39
52.04 -17.19
54.44 41.34
54.78 -21.94
61.33 53.28
61.33 -33.28
63.41 -36.88
46.34 -1.52
46.83 22.38
48.84 25.85
48.84 -5.85
50.36 28.49
50.36 -8.49
53.71 -14.29
56.11 38.44
56.45 -19.04
59.18 -23.76
59.94 -25.07
61.81 48.32
62.30 49.15
62.49 49.49
63.00 50.37
63.00 -30.37
63.64 51.48
64.28 52.58
64.28 -32.58
65.08 53.98
65.08 -33.98
55.49 5.67
57.02 16.97
57.02 3.03
62.76 -6.92
63.11 -7.52
65.83 -12.24
68.47 -16.80
68.95 37.63
68.95 -17.63
69.14 37.97
69.65 38.86
69.65 -18.86
70.29 39.96
70.92 41.06
71.73 42.46
55.98 13.47
55.98 6.53
57.51 16.11
57.51 3.89
63.25 26.06
63.60 -6.66
66.33 31.38
66.33 -11.38
69.64 -17.12
70.14 38.00
70.14 -18.00
70.78 39.11
72.22 41.60
72.22 -21.60
65.26 -2.59
65.61 23.19
68.33 27.91
69.09 29.23
71.45 33.30
71.64 -13.64
72.15 34.53
72.15 -14.53
72.79 35.63
72.79 -15.63
64.39 4.20
66.78 0.05
67.13 -0.55
70.61 26.58
72.49 29.83
72.97 -10.66
73.17 31.00
73.17 -11.00
73.67 31.88
73.67 -11.88
74.95 34.09
75.75 35.49
70.13 14.15
70.48 14.75
75.84 24.03
76.32 -4.86
76.52 25.20
77.66 -7.19
78.30 28.29
72.88 9.40
75.60 15.32
76.36 16.63
78.72 20.71
80.69 24.14
80.69 -4.14
81.50 -5.54
75.94 14.72
76.70 16.04
76.70 3.96
78.58 0.72
79.06 -0.12
79.25 20.45
79.25 -0.45
79.77 21.34
79.77 -1.34
81.04 23.54
81.84 24.94
81.31 5.44
81.98 15.73
81.98 4.27
83.77 18.82
83.77 1.18
82.06 6.75
82.55 14.08
82.55 5.92
82.74 5.58
85.33 1.10
84.42 9.17
84.62 11.17
85.77 6.84
86.40 14.26
87.20 4.34
85.09 9.66
85.61 11.22
85.61 8.78
86.25 7.67
86.88 6.57
86.44 8.01
87.08 13.09
87.08 6.91
87.88 14.49
87.88 5.51
86.95 8.89
88.39 13.60
88.22 8.90
89.03 7.51
89.66 11.39
