291
4.09 44.00
7.26 44.00
10.78 44.00
23.42 44.00
26.32 44.00
27.00 5.09
27.00 6.19
27.00 7.32
27.00 10.04
27.00 11.00
27.00 29.72
27.00 31.63
27.00 44.00
27.00 51.78
27.00 56.85
27.00 62.48
27.00 69.16
27.00 75.16
27.00 76.59
27.00 77.06
27.00 84.25
27.00 94.04
27.00 98.85
41.33 44.00
54.74 44.00
60.14 44.00
62.84 44.00
68.15 44.00
77.78 44.00
84.95 44.00
87.34 44.00
96.98 44.00
5.67 46.75
13.76 60.74
13.76 27.26
15.21 24.75
15.54 24.16
22.71 11.75
29.41 87.86
32.12 -4.54
36.12 99.48
40.94 -19.82
45.72 -28.10
50.54 124.45
50.54 -36.45
9.02 40.95
15.34 57.99
15.34 30.01
16.79 27.49
17.13 26.90
31.00 2.88
33.70 89.80
46.11 -23.28
47.30 -25.35
52.12 121.70
52.12 -33.70
17.10 54.95
17.10 33.05
26.05 70.46
26.05 17.54
32.76 82.07
32.76 5.93
35.46 1.25
36.81 -1.09
39.47 93.68
49.06 110.30
49.06 -22.30
53.88 -30.65
24.87 46.51
32.38 59.51
32.38 28.49
39.08 71.12
41.78 12.20
45.79 82.74
50.60 91.08
54.19 97.29
60.20 107.70
60.20 -19.70
26.66 43.41
33.83 31.00
40.53 68.61
40.53 19.39
43.23 14.71
44.58 12.37
47.23 80.23
52.05 88.57
52.05 -0.57
56.83 96.84
61.65 105.19
27.95 5.64
31.29 7.56
22.71 7.56
21.88 8.04
48.33 17.41
5.67 17.41
67.43 28.44
-13.43 28.44
71.83 30.97
-17.83 30.97
-22.70 33.78
88.92 40.84
-50.03 49.57
26.02 6.76
22.83 8.60
6.62 17.95
49.03 18.91
59.74 25.09
-12.48 28.98
70.87 31.52
-32.73 40.67
-34.38 41.62
-49.08 50.12
107.25 52.52
24.64 8.68
30.19 9.16
23.81 9.16
7.60 18.52
58.77 25.66
-4.77 25.66
-11.50 29.55
-20.77 34.90
85.75 41.24
93.62 45.78
-39.62 45.78
-48.10 50.68
-52.27 53.08
9.96 19.88
45.70 20.84
8.30 20.84
-2.41 27.02
63.15 30.91
-9.15 30.91
67.54 33.45
-13.54 33.45
72.41 36.26
-18.41 36.26
78.20 39.60
-24.20 39.60
-29.40 42.60
84.63 43.31
85.04 43.55
-31.04 43.55
99.75 52.04
-45.75 52.04
103.91 54.44
10.79 20.36
44.87 21.31
55.58 27.50
62.32 31.39
-8.32 31.39
66.71 33.92
-12.71 33.92
77.37 40.08
-23.37 40.08
82.56 43.08
83.80 43.80
-29.80 43.80
84.21 44.03
-30.21 44.03
98.91 52.52
-49.08 54.92
25.35 30.67
14.63 36.86
46.10 40.75
7.90 40.75
3.50 43.28
55.37 46.10
-1.37 46.10
61.16 49.44
-7.16 49.44
-13.59 53.16
-14.00 53.39
-20.22 56.98
82.70 61.88
-28.70 61.88
37.71 37.81
16.29 37.81
44.45 41.70
48.84 44.24
5.16 44.24
0.28 47.05
65.94 54.11
66.34 54.34
-12.34 54.34
72.57 57.94
33.74 47.89
15.87 50.42
43.00 53.24
11.00 53.24
48.79 56.58
55.22 60.30
-1.22 60.30
70.34 69.02
74.50 71.42
-20.50 71.42
40.87 68.02
40.87 19.98
43.57 72.70
44.92 75.04
44.92 12.96
47.58 8.36
52.39 0.02
55.98 94.19
57.17 96.26
57.17 -8.26
61.99 104.60
31.39 54.31
22.61 54.31
48.49 64.19
5.51 64.19
48.89 64.42
-1.12 68.02
-9.60 72.91
67.76 75.31
31.88 59.66
37.66 63.00
11.14 66.00
44.10 66.72
9.90 66.72
44.50 66.95
3.27 70.55
-5.21 75.45
32.79 65.82
21.21 65.82
37.98 68.82
16.02 68.82
39.22 69.53
58.50 80.66
-4.50 80.66
21.80 72.16
33.43 72.88
33.84 73.11
20.16 73.11
40.07 76.70
48.55 81.60
5.45 81.60
52.71 84.00
1.29 84.00
25.76 75.88
28.65 76.11
43.35 84.60
10.65 84.60
6.48 87.00
27.41 76.83
33.63 80.42
20.37 80.42
42.11 85.31
11.89 85.31
46.28 87.72
41.71 85.55
35.48 89.15
18.52 89.15
39.64 91.55
50.73 60.29
50.73 27.71
52.09 62.63
52.09 25.37
54.74 67.23
59.55 12.43
63.14 81.78
63.14 6.22
64.34 4.15
69.16 -4.19
58.79 51.01
58.79 36.99
61.45 32.39
66.26 63.95
69.84 70.16
71.04 72.23
75.86 80.58
61.49 41.66
68.96 28.72
72.55 65.49
72.55 22.51
78.56 75.90
78.56 12.10
65.50 48.60
65.50 39.40
73.90 24.85
75.09 22.78
72.97 35.66
77.75 60.62
77.75 27.38
81.37 50.21
81.37 37.79
82.56 52.28
87.38 60.63
87.38 27.37
86.15 46.07
90.97 54.42
90.97 33.58
