334
1.18 54.00
4.99 54.00
6.05 54.00
37.00 4.28
37.00 5.20
37.00 21.40
37.00 29.82
37.00 30.86
37.00 38.27
37.00 39.76
37.00 41.64
37.00 42.23
37.00 43.98
37.00 46.37
37.00 48.02
37.00 49.09
37.00 54.00
37.00 64.98
37.00 65.54
37.00 67.13
37.00 68.15
37.00 75.55
37.00 86.94
37.00 90.95
37.00 94.43
37.00 96.55
37.00 97.19
47.02 54.00
73.20 54.00
75.08 54.00
96.10 54.00
3.61 49.78
19.09 85.02
19.09 22.98
24.10 93.70
37.19 116.37
37.19 -8.37
38.13 118.00
38.13 -10.00
48.64 -28.20
5.52 53.08
26.01 17.60
39.09 -5.07
40.03 114.70
50.54 132.90
21.52 80.80
26.54 18.52
39.62 112.15
40.56 -5.78
51.07 131.99
51.07 -23.99
51.83 12.84
22.17 12.84
14.88 17.05
67.73 22.02
4.65 22.96
69.87 23.25
4.13 23.25
2.62 24.13
73.45 25.32
0.55 25.32
74.88 26.15
-1.81 26.69
80.06 29.14
-6.06 29.14
-15.57 34.63
-16.05 34.91
91.43 35.70
-17.43 35.70
108.59 45.61
-34.59 45.61
115.07 49.36
-41.07 49.36
117.46 50.73
51.03 13.30
22.97 13.30
58.32 17.51
59.22 18.03
8.36 21.74
66.93 22.48
7.07 22.48
5.44 23.42
69.07 23.71
70.58 24.59
72.65 25.79
1.35 25.79
75.01 27.15
79.26 29.60
-5.26 29.60
-16.63 36.16
-17.52 36.68
97.92 40.38
-23.92 40.38
107.79 46.07
111.26 48.08
-37.26 48.08
114.28 49.82
-40.28 49.82
116.11 50.88
-42.11 50.88
44.29 25.61
29.71 25.61
28.81 26.13
52.90 30.58
21.10 30.58
17.45 32.69
58.62 33.88
15.38 33.88
13.95 34.71
13.02 35.25
65.23 37.70
74.74 43.19
75.23 43.47
76.60 44.27
77.49 44.78
-9.90 48.47
93.76 54.17
100.25 57.92
-26.25 57.92
102.08 58.97
-28.08 58.97
102.64 59.30
36.10 30.34
44.32 34.05
29.68 34.05
28.39 34.79
26.76 35.73
47.75 36.02
26.25 36.02
49.26 36.90
52.76 38.92
21.24 38.92
53.69 39.45
57.94 41.91
16.06 41.91
67.45 47.40
6.55 47.40
6.07 47.68
69.31 48.47
4.69 48.47
-2.60 52.69
89.94 60.39
-15.94 60.39
92.95 62.12
-18.95 62.12
94.79 63.19
43.42 34.56
30.58 34.56
29.29 35.31
27.66 36.25
46.85 36.55
27.15 36.55
23.57 38.61
51.86 39.44
52.79 39.98
57.04 42.43
16.96 42.43
66.55 47.92
67.03 48.20
6.97 48.20
69.29 49.51
75.70 53.20
-15.04 60.91
92.05 62.65
93.89 63.70
-19.89 63.70
34.08 39.95
40.43 40.25
41.95 41.12
29.99 42.32
28.56 43.15
46.37 43.68
27.63 43.68
50.62 46.14
23.38 46.14
60.13 51.62
60.62 51.91
12.01 52.70
69.29 56.91
82.62 64.61
88.03 67.73
34.86 40.99
40.65 41.87
44.15 43.89
29.85 43.89
49.33 46.88
24.67 46.88
58.84 52.37
15.16 52.37
59.33 52.65
14.67 52.65
60.70 53.44
61.59 53.95
6.00 57.66
81.33 65.36
-7.33 65.36
86.18 68.16
-12.18 68.16
-12.74 68.47
32.90 44.00
30.55 45.37
26.30 47.82
57.21 53.31
16.79 53.31
59.07 54.38
14.04 54.90
66.37 58.59
7.63 58.59
76.23 64.29
-5.70 66.30
-8.72 68.03
40.59 44.30
33.41 44.30
31.99 45.12
42.94 45.66
26.81 48.11
56.70 53.61
17.30 53.61
16.81 53.89
15.44 54.68
59.45 55.19
75.72 64.58
-1.72 64.58
-5.19 66.59
82.21 68.33
-10.04 69.39
84.60 69.71
-10.60 69.71
34.93 45.17
40.50 46.00
33.50 46.00
32.57 46.53
55.19 54.48
55.67 54.76
64.34 59.77
9.66 59.77
80.69 69.20
82.53 70.27
83.08 70.58
39.36 47.73
43.61 50.19
53.12 55.67
20.40 55.95
19.02 56.75
55.86 57.26
18.14 57.26
11.73 60.96
72.13 66.66
75.61 68.66
-1.61 68.66
78.62 70.40
80.46 71.46
-6.46 71.46
36.07 48.56
42.18 51.01
31.82 51.01
51.69 56.50
22.31 56.50
52.17 56.78
53.55 57.58
54.43 58.09
13.16 61.78
70.71 67.48
-5.03 72.28
-5.58 72.61
50.76 57.04
23.24 57.04
51.25 57.32
22.75 57.32
21.38 58.11
53.51 58.62
20.49 58.62
4.22 68.02
73.25 70.02
0.75 70.02
78.10 72.82
78.66 73.14
46.51 59.49
27.49 59.49
27.01 59.77
18.34 64.78
8.47 70.47
72.01 74.22
73.85 75.28
74.40 75.59
42.01 45.32
55.10 85.35
55.10 22.65
56.04 21.02
66.55 105.18
66.55 2.82
38.86 66.06
35.14 66.06
62.50 79.71
11.50 79.71
64.89 81.09
9.11 81.09
39.26 66.84
28.33 70.55
55.53 76.24
59.01 78.25
62.02 79.99
63.86 81.05
10.14 81.05
64.41 81.37
9.59 81.37
36.12 67.64
44.29 71.34
54.16 77.03
19.84 77.03
57.63 79.04
16.37 79.04
10.97 82.16
43.41 71.85
30.59 71.85
56.75 79.55
59.76 81.29
46.86 81.25
50.34 83.25
53.35 84.99
55.19 86.05
40.47 88.94
33.53 88.94
43.49 90.69
30.51 90.69
45.88 92.06
40.01 92.69
41.85 93.75
32.15 93.75
39.39 95.81
36.45 96.87
60.11 31.33
61.05 78.30
71.56 96.50
