126
3.30 60.00
49.56 60.00
51.60 60.00
52.83 60.00
60.06 60.00
67.47 60.00
69.58 60.00
71.30 60.00
86.00 1.75
86.00 13.00
86.00 15.61
86.00 19.48
86.00 21.61
86.00 31.05
86.00 35.94
86.00 60.00
86.00 71.92
86.00 83.93
86.00 84.01
86.00 96.95
26.43 100.06
28.06 17.11
31.68 109.16
31.68 10.84
35.38 115.57
35.38 4.43
36.44 117.40
36.44 2.60
37.30 1.11
44.65 131.62
44.65 -11.62
50.58 61.77
50.58 58.23
51.20 62.83
54.81 69.09
54.81 50.91
67.78 91.56
67.78 28.44
52.22 61.07
55.83 67.33
55.83 52.67
59.53 73.74
60.59 75.57
61.45 77.06
68.80 89.79
56.45 53.74
60.15 72.68
60.15 47.32
61.20 74.51
69.41 88.73
69.41 31.27
63.77 66.42
63.77 53.58
64.82 51.76
65.68 69.73
73.03 82.46
68.53 61.83
69.38 63.32
69.38 56.68
70.44 61.49
70.44 58.51
78.65 72.73
76.26 7.38
98.00 8.68
68.80 11.68
60.63 16.40
56.39 18.84
157.17 42.84
3.55 49.35
88.26 14.30
91.61 16.24
93.46 17.30
70.37 22.02
66.13 24.47
45.30 36.50
137.03 42.46
34.97 42.46
24.57 48.47
158.70 54.98
82.65 17.55
91.20 18.61
99.37 23.33
47.56 37.80
134.77 43.77
145.17 49.77
26.83 49.77
26.76 49.81
156.44 56.28
15.56 56.28
84.16 20.55
71.75 27.71
121.09 39.74
40.59 45.70
141.82 51.71
30.18 51.71
30.12 51.75
153.09 58.22
18.91 58.22
94.18 26.33
98.41 28.77
52.75 40.80
129.57 46.77
139.97 52.77
140.04 52.81
151.25 59.28
90.23 33.49
81.77 33.49
111.07 45.52
60.93 45.52
50.61 51.48
40.20 57.49
143.07 64.00
28.93 64.00
65.16 47.97
54.84 53.93
44.44 59.94
127.63 59.98
44.37 59.98
138.84 66.44
106.79 72.00
65.21 72.00
96.40 77.93
75.60 77.93
86.07 83.97
97.28 90.44
74.72 90.44
