4 50
39998
78236
68514
86292
33585
22603
41166
17462
37697
95219
3921
49391
25193
33960
86519
86982
6 97701
12 44544
5 43682
5 38523
11 94609
15 37404
12 76065
0 21503
2 74952
9 18708
2 28973
15 42351
0 87797
15 48766
5 96585
14 16325
5 24859
13 1195
6 36778
11 38787
15 82738
3 76523
10 72907
3 91219
7 37100
10 89100
11 18857
15 65449
7 26780
5 52350
3 65853
8 50355
14 62249
3 91958
9 23973
7 46767
10 23288
4 81866
14 70372
1 76759
4 32069
15 89899
4 46367
11 73934
12 85915
8 12864
4 11311
8 75185
7 47474
7 88940
