4 1000
33
275
244
930
105
410
861
407
995
948
14
445
96
626
272
701
5 504
14 604
5 166
14 526
14 894
9 331
9 252
13 362
6 133
14 567
12 368
4 997
11 377
1 809
1 990
14 526
11 735
5 324
3 112
7 963
6 457
13 624
2 504
13 698
9 945
1 227
8 694
15 677
6 291
1 896
14 624
15 480
12 905
10 260
7 655
1 377
1 221
13 878
9 692
13 714
5 842
8 950
4 221
1 311
7 818
2 146
2 982
15 153
5 431
14 609
10 340
10 255
14 692
0 639
2 63
9 725
11 999
5 146
9 7
10 86
8 369
7 620
14 211
10 942
0 539
0 784
8 242
6 794
1 526
13 22
3 139
11 198
8 775
14 64
6 858
3 960
5 86
9 282
0 707
6 643
12 480
11 478
0 820
10 361
8 706
5 639
13 483
10 688
0 886
8 745
1 606
5 323
5 990
9 694
2 533
6 648
6 766
2 441
2 751
9 636
3 186
6 6
15 464
6 984
9 503
6 446
9 787
1 507
9 78
4 179
11 539
9 330
11 305
8 595
7 573
8 217
0 858
11 486
14 975
14 377
0 552
3 940
15 297
8 468
15 649
4 692
6 178
12 198
9 145
14 892
6 729
11 534
4 38
5 614
8 843
11 843
8 168
1 86
2 583
0 897
5 906
12 125
3 315
12 920
13 172
13 883
1 627
9 841
15 142
9 30
1 799
15 732
2 361
1 137
10 76
6 881
6 976
11 771
11 33
6 456
3 856
11 459
12 460
10 852
2 460
3 291
7 460
13 227
4 545
14 118
0 750
14 308
7 358
0 722
2 123
11 302
9 869
9 167
11 766
2 636
7 254
2 837
8 655
8 887
14 132
11 526
11 6
4 313
3 266
5 460
10 213
10 73
8 228
10 116
8 259
1 924
1 31
14 579
3 178
6 239
13 825
15 545
11 952
11 899
8 246
4 312
1 826
6 598
2 625
13 752
12 466
10 102
2 790
8 184
15 853
6 630
0 541
5 213
8 387
9 64
1 176
3 149
12 762
12 409
10 814
9 977
7 190
4 779
11 113
14 948
11 91
8 996
9 107
6 125
14 26
2 183
13 919
1 557
15 433
7 421
6 833
15 880
3 830
7 4
0 327
10 614
10 883
6 402
15 524
6 188
12 421
12 104
14 57
2 374
11 333
6 89
10 546
0 189
9 333
12 375
13 850
5 782
8 952
12 76
8 416
5 26
10 988
13 530
0 496
5 239
9 51
13 347
1 3
0 29
5 786
4 349
3 394
10 722
6 20
4 822
8 766
3 977
11 683
11 152
0 115
7 361
12 73
12 468
2 301
8 764
9 903
9 724
6 949
9 996
10 596
11 461
6 371
6 470
14 650
13 585
2 366
7 284
9 711
12 867
0 603
2 100
1 449
6 507
15 975
4 71
12 26
13 287
13 675
5 155
4 731
10 442
7 743
6 889
5 184
11 466
7 93
14 645
8 96
15 645
4 8
2 995
2 601
4 135
2 391
11 953
11 734
13 925
6 826
2 283
6 627
0 797
10 21
5 967
4 595
11 540
8 680
9 341
12 522
10 909
6 118
4 93
10 962
4 682
5 536
12 151
4 67
8 236
11 743
2 557
2 167
8 997
10 690
4 833
15 814
4 830
3 309
7 136
10 293
14 764
3 488
11 346
6 567
6 996
1 138
1 704
5 707
13 857
11 39
5 962
0 138
15 137
2 420
1 423
3 148
12 247
9 806
13 544
12 528
2 36
12 149
1 27
13 442
1 606
0 928
2 687
0 417
5 217
8 802
15 254
6 883
1 939
3 447
15 415
3 727
13 697
5 543
1 86
12 962
10 819
10 965
14 660
13 386
13 571
9 574
1 844
7 679
15 499
2 971
10 158
0 717
4 927
5 933
7 598
9 410
15 137
13 979
13 109
0 730
0 906
6 857
9 114
5 886
9 368
6 527
12 907
11 734
11 856
6 200
2 914
3 223
2 337
14 552
11 920
10 478
8 939
13 929
15 577
9 666
9 376
11 175
6 141
6 470
7 281
4 804
12 985
11 599
8 582
14 473
8 139
14 681
10 992
1 484
14 777
1 218
9 48
13 788
3 7
1 539
0 634
3 837
12 724
10 646
8 644
7 161
2 424
0 566
2 804
5 337
11 904
8 86
2 652
4 846
9 837
15 301
10 433
5 795
1 278
11 816
9 561
9 410
8 523
7 753
10 378
11 260
2 349
10 587
9 924
10 366
3 523
12 585
12 509
3 466
2 174
7 62
1 963
6 425
10 801
4 813
9 973
10 815
2 123
15 676
2 540
15 161
3 61
2 723
13 831
13 710
4 823
10 445
6 949
15 624
13 752
5 931
2 214
1 400
4 500
0 89
10 471
12 807
11 701
13 807
5 72
8 242
15 993
15 34
3 909
6 46
1 800
7 387
11 75
7 704
9 216
7 672
7 748
1 923
2 714
11 686
9 951
1 387
5 968
14 240
14 784
9 540
15 615
2 952
8 67
11 969
1 802
6 674
5 825
11 703
6 32
15 30
9 671
7 280
0 191
7 517
9 806
13 912
0 337
4 815
9 873
11 391
1 130
3 929
8 366
14 199
5 726
13 86
14 647
14 389
10 887
13 517
6 668
13 171
10 646
15 761
0 475
14 898
11 921
7 265
0 164
2 742
4 46
5 640
5 194
1 235
8 639
3 831
10 534
5 312
1 340
8 404
15 281
2 774
7 186
14 194
0 208
14 593
1 116
6 299
6 966
5 96
7 638
13 265
9 281
5 58
6 707
12 789
3 117
0 543
9 307
3 6
15 729
13 769
4 888
6 507
11 306
8 164
5 234
3 469
7 358
9 841
6 342
3 406
5 898
5 115
2 390
7 72
9 425
2 316
7 965
7 520
4 131
5 567
5 465
8 937
2 916
10 889
7 112
2 70
1 948
10 919
15 659
5 809
5 888
5 103
15 653
0 124
12 12
13 853
14 81
13 653
7 920
9 960
6 542
11 747
3 567
11 181
7 714
11 16
7 820
9 808
13 446
10 609
15 329
10 288
13 605
14 111
15 836
3 911
2 101
13 870
3 29
8 600
8 394
7 699
3 439
5 688
10 144
9 696
8 465
6 883
11 277
10 596
11 418
0 845
11 870
3 541
5 766
9 995
14 109
12 728
0 554
2 785
1 770
3 172
15 817
15 306
14 754
5 561
6 466
8 45
2 473
15 587
7 431
4 104
8 629
7 792
1 953
3 234
6 411
12 311
1 517
0 27
4 223
9 149
10 346
11 377
13 484
3 411
3 548
9 159
7 700
5 713
11 528
11 80
15 409
6 872
3 360
0 902
11 840
2 625
11 949
1 6
9 968
12 52
11 284
8 397
6 514
11 693
6 761
2 38
14 517
6 801
15 810
10 814
15 107
0 188
10 794
2 194
6 963
0 982
4 162
4 936
6 194
12 775
6 756
1 830
7 724
6 151
13 687
2 888
13 109
7 554
4 623
11 370
8 347
13 539
3 436
7 241
1 457
5 291
1 183
11 487
14 457
0 498
2 308
9 290
4 815
7 24
10 945
4 378
13 451
15 505
2 744
10 222
9 115
10 415
6 339
4 910
8 597
1 940
6 146
10 26
10 778
3 753
3 797
8 367
8 400
0 487
14 323
14 698
10 575
2 441
15 720
5 62
10 111
1 926
0 936
11 571
12 355
0 790
6 807
15 104
15 734
9 56
10 5
5 200
1 220
5 199
14 696
7 962
1 968
9 768
4 545
12 324
2 368
0 756
4 624
7 87
15 156
1 120
8 250
14 446
14 17
9 763
14 260
4 224
9 319
0 485
1 389
13 117
9 628
12 637
13 86
2 315
4 220
6 107
10 460
6 293
8 552
4 895
0 486
5 392
6 817
6 670
3 391
11 963
1 12
10 624
11 30
10 44
0 79
12 73
6 58
2 370
1 126
5 422
14 737
10 418
0 44
12 112
4 227
0 807
15 381
3 42
7 723
10 13
14 239
1 694
8 156
3 259
9 34
11 896
2 199
12 30
6 107
6 384
15 922
15 278
1 975
10 714
0 408
15 852
11 518
3 648
3 315
13 958
14 292
3 825
15 872
3 87
7 349
0 666
0 15
6 927
2 617
9 392
4 74
0 376
8 495
3 619
9 635
7 864
9 135
8 771
10 248
14 339
5 682
9 574
13 654
7 391
15 847
1 1
9 731
3 866
5 458
13 390
6 415
6 725
0 648
8 262
10 706
12 198
4 311
5 141
4 626
1 941
14 667
7 395
5 23
9 978
0 98
9 279
12 326
6 768
14 500
6 223
5 984
8 651
8 546
12 613
10 325
0 997
0 200
0 95
1 709
0 409
0 145
8 25
9 44
8 798
13 528
0 455
2 499
13 160
6 898
7 921
6 384
9 272
15 15
12 513
2 145
2 236
6 963
15 114
9 759
7 904
7 638
9 152
0 817
3 534
15 142
7 643
3 78
13 464
9 986
3 521
6 899
14 422
0 372
11 222
6 153
