298
300
300
318
46
38
38
38
318
318
319
316
313
313
445
429
937
745
745
745
745
1017
984
792
848
853
885
629
725
726
722
978
1010
1010
690
691
695
819
819
695
691
947
187
185
176
176
688
944
884
868
868
621
632
632
1016
1016
968
980
468
380
313
309
304
680
680
936
937
896
896
396
398
398
159
30
30
796
792
776
968
833
833
849
785
789
532
540
812
941
1005
1004
748
752
748
748
748
749
717
621
621
621
77
109
45
45
300
268
332
332
13
73
72
328
328
474
474
344
344
345
345
345
329
845
781
781
525
525
525
525
516
516
548
20
4
36
166
191
61
45
133
277
17
161
560
660
661
532
644
652
652
651
643
641
641
17
625
593
624
560
528
528
16
112
612
100
100
620
381
381
381
117
116
372
374
358
103
70
103
231
247
246
246
255
766
1022
750
718
718
198
198
196
452
452
197
197
452
460
332
840
968
971
843
779
315
266
11
11
43
27
31
159
143
159
218
218
154
186
155
403
147
18
179
180
148
244
756
613
549
519
103
358
324
772
916
406
156
156
477
469
405
398
902
966
838
839
15
271
27
25
345
123
127
251
219
91
79
111
127
255
251
235
47
301
309
261
285
25
41
361
361
333
365
45
173
173
265
265
265
257
332
269
23
22
54
7
7
262
263
262
262
260
292
293
260
292
292
293
353
324
452
212
212
213
468
980
468
212
836
873
811
779
267
351
363
363
355
331
74
74
74
75
75
67
195
385
387
385
443
433
427
970
687
693
758
750
943
1007
999
739
743
551
39
677
677
45
45
41
35
7
270
399
423
935
1007
975
975
207
207
207
205
225
161
177
561
593
529
313
313
187
955
499
497
497
217
217
665
665
921
921
985
985
459
458
842
842
458
90
88
536
968
968
968
962
900
966
960
960
960
896
896
899
775
519
23
7
151
215
508
213
205
461
448
384
416
417
417
385
265
456
1000
746
1002
744
764
748
742
966
836
580
580
588
636
632
761
680
680
745
633
633
633
752
880
880
336
880
848
849
856
792
824
824
792
984
904
328
280
794
792
792
794
786
898
786
914
914
912
920
926
414
190
62
58
178
658
665
153
17
27
10
330
344
848
848
856
796
278
794
794
859
859
410
923
927
926
926
903
407
262
455
323
850
790
853
884
804
806
822
566
534
534
596
604
636
668
670
670
670
734
744
744
748
237
687
686
652
86
206
88
16
721
977
723
723
578
363
111
47
815
303
303
299
258
262
326
878
878
238
110
238
206
206
174
191
191
191
191
175
191
63
63
63
911
906
150
182
17
17
17
17
1
0
0
296
303
229
997
485
741
613
103
79
621
749
751
687
171
163
675
741
687
687
685
687
679
183
167
39
5
285
831
575
703
701
445
317
813
909
267
911
927
415
189
189
173
425
427
1003
899
907
987
667
667
203
971
969
713
713
587
339
275
278
277
797
285
285
23
87
119
895
631
599
599
599
850
978
912
960
512
897
963
897
777
777
769
771
515
2
6
6
270
270
262
774
151
695
165
183
54
32
40
40
188
188
253
127
125
125
69
68
68
596
597
597
592
632
633
633
889
889
892
637
569
536
264
840
104
100
365
365
365
111
319
279
807
871
869
1013
1013
1013
949
821
629
629
630
566
694
662
662
734
606
638
126
111
77
591
79
79
367
591
591
719
655
207
655
973
991
479
991
479
503
375
503
1011
1011
371
307
273
657
675
178
162
162
162
134
134
14
42
42
8
768
769
257
1
1
1
41
73
105
363
491
361
265
398
462
266
344
328
840
971
163
161
177
369
368
880
944
944
784
921
408
920
666
154
211
466
210
18
594
336
320
448
64
320
321
321
577
709
709
709
229
485
1013
1013
760
248
696
696
608
544
544
417
417
419
419
481
305
305
313
313
305
817
265
395
395
395
387
451
967
967
843
611
103
99
243
231
103
231
98
98
208
210
210
243
177
145
409
409
145
17
51
115
57
45
10
10
10
10
10
10
10
10
10
46
46
46
42
426
42
42
11
19
27
91
87
87
214
222
94
126
118
38
170
170
198
135
206
140
140
140
9
9
11
139
139
139
907
906
906
906
910
396
652
140
653
525
813
933
689
689
645
949
437
385
269
829
829
829
316
316
472
474
218
223
478
446
950
438
950
822
310
310
486
483
483
486
482
930
930
930
683
557
552
936
872
256
960
448
964
996
708
580
966
710
580
710
966
710
246
196
704
704
982
462
462
462
462
460
508
444
412
444
388
390
390
294
294
326
358
884
628
628
532
540
540
540
541
541
543
30
142
142
