3 10000
114
953
950
793
88
180
560
220
7 642
4 798
7 60
3 782
5 828
2 463
7 698
0 872
0 601
4 298
5 792
2 952
6 383
7 403
4 434
5 43
1 667
0 769
7 841
5 771
2 60
6 359
7 178
3 446
0 712
0 647
0 173
4 114
5 206
1 379
7 833
5 422
7 616
1 933
0 94
2 830
6 643
5 616
6 477
5 952
7 158
3 45
7 903
6 240
3 381
6 103
5 394
3 419
0 716
2 172
3 761
4 20
4 249
6 225
1 50
0 268
1 128
0 243
3 529
6 494
5 455
1 476
0 474
6 564
1 600
1 704
4 796
5 117
6 712
2 123
7 871
0 322
5 761
2 736
6 753
0 200
4 179
5 761
6 924
5 195
3 767
3 590
4 327
7 312
3 754
2 153
3 531
4 330
2 744
1 582
6 648
3 57
3 162
7 184
3 849
0 964
2 982
5 883
3 966
1 700
5 982
1 699
5 680
0 157
3 447
7 274
3 225
4 978
2 854
7 827
7 893
3 23
2 49
0 184
4 101
4 737
4 89
1 301
3 169
0 545
3 902
0 767
1 855
5 220
7 907
0 117
4 190
7 675
3 399
4 255
0 447
0 288
6 484
5 657
2 753
7 973
4 374
5 135
3 485
0 290
7 754
0 544
3 252
3 536
7 134
5 855
0 840
4 821
6 438
7 330
7 33
7 846
6 44
1 988
6 41
4 626
2 390
2 444
4 94
4 645
4 124
4 162
7 348
2 640
2 814
7 329
0 274
6 958
2 214
7 551
1 928
6 755
0 700
2 312
5 180
0 374
0 162
6 620
5 224
6 649
2 583
1 589
3 506
0 879
7 845
5 328
3 960
4 444
4 635
0 158
5 66
4 824
5 773
5 90
3 410
1 739
0 422
0 203
2 227
0 353
1 865
2 198
2 468
0 542
5 750
0 272
0 586
7 748
7 893
7 61
0 282
0 649
4 833
4 337
2 286
0 837
3 75
7 34
0 29
3 351
7 629
7 300
0 72
5 279
4 239
2 973
6 844
5 282
3 826
0 90
7 13
0 968
2 314
7 336
7 931
0 474
6 663
7 128
7 175
6 404
1 451
7 992
3 351
1 973
7 246
4 994
2 342
0 700
4 669
0 351
1 724
3 512
0 304
7 474
6 751
2 949
6 608
7 498
7 569
7 841
3 238
4 427
0 501
2 588
3 164
0 122
3 468
4 627
5 627
3 307
1 684
4 933
7 551
0 955
4 958
4 935
3 335
5 480
4 843
7 7
2 711
4 600
3 117
0 8
4 33
5 827
1 925
4 361
4 248
7 596
3 169
0 107
4 246
1 693
5 360
0 449
1 535
4 308
4 980
5 748
0 984
5 82
3 41
1 385
5 816
1 848
4 865
7 841
7 544
0 905
2 940
3 680
4 107
7 127
3 657
1 453
7 155
4 551
0 331
3 838
6 270
7 484
5 994
2 302
7 212
0 147
3 265
4 627
2 168
1 812
1 334
1 818
1 152
3 390
4 10
0 982
2 266
5 119
5 792
4 151
2 981
6 157
0 830
6 971
7 243
1 527
1 400
0 418
0 67
5 388
2 388
7 61
4 837
5 268
3 305
6 337
6 422
4 885
0 983
2 602
1 343
7 155
5 826
5 647
3 734
2 26
7 758
3 129
5 971
5 280
1 521
7 915
0 464
7 899
5 360
7 377
4 334
0 446
6 809
7 758
0 833
7 370
3 224
3 538
2 601
2 824
4 788
4 769
4 892
5 403
4 521
7 956
3 16
1 367
5 201
2 73
3 262
6 978
4 294
7 33
2 687
3 369
2 598
2 431
2 158
7 447
4 318
6 238
6 511
0 863
0 435
1 450
4 83
2 535
1 297
0 625
3 427
1 163
2 837
4 571
3 132
2 379
2 775
6 840
7 928
3 54
0 344
3 413
4 285
6 157
7 221
0 270
1 834
7 377
5 83
7 371
7 320
7 369
1 721
1 437
3 616
0 716
1 995
0 92
1 430
3 214
4 736
2 652
5 973
0 594
5 34
2 623
0 68
5 153
6 257
2 142
3 81
5 538
6 340
2 61
4 936
0 126
2 816
6 947
5 863
2 198
6 858
7 604
6 518
0 420
3 700
6 2
4 774
2 915
0 227
3 589
3 956
5 187
6 197
4 915
1 27
6 958
3 287
6 165
1 25
5 286
0 852
2 211
6 532
7 445
2 455
3 274
6 453
2 536
3 300
0 414
5 917
4 566
3 640
1 66
0 20
1 390
2 992
5 851
0 80
7 988
7 386
7 299
3 429
1 193
0 991
4 57
7 685
5 816
3 706
7 990
4 587
4 952
3 686
7 457
5 804
6 6
1 412
1 734
7 845
4 571
4 239
4 96
0 604
6 601
7 147
7 741
5 676
2 667
4 849
5 833
0 273
6 547
1 497
6 879
2 913
0 530
2 431
3 429
6 891
6 49
7 974
2 477
0 836
5 716
6 972
6 690
6 94
7 636
3 871
0 638
0 318
5 641
6 795
6 840
1 804
2 428
2 32
5 132
1 402
7 906
5 103
5 677
1 187
2 140
2 532
2 547
4 947
6 655
7 962
6 132
0 737
1 897
5 466
5 342
1 878
5 948
1 198
1 530
7 642
6 147
6 801
4 729
0 586
4 194
6 880
1 667
4 887
1 90
1 593
0 926
2 34
0 157
0 851
5 321
4 711
0 20
5 867
5 613
7 133
5 706
5 486
5 982
1 289
2 430
5 858
4 410
0 583
3 828
5 608
7 280
4 969
4 183
4 401
7 642
4 956
2 900
3 73
2 519
5 660
6 948
7 658
2 466
6 279
7 381
5 795
4 558
5 314
3 305
3 242
6 602
7 647
0 344
7 90
6 786
6 164
7 324
6 445
4 417
6 436
7 963
1 811
5 699
4 967
1 545
3 303
6 111
7 354
4 374
0 670
2 898
6 247
4 9
2 364
0 769
4 224
4 383
3 606
5 865
2 87
7 782
5 910
0 693
4 700
2 413
7 932
3 556
6 886
2 576
1 344
1 403
2 77
3 309
6 221
5 608
6 289
7 404
1 987
7 167
4 869
2 409
6 892
2 685
5 884
4 380
7 606
4 149
2 274
7 71
0 337
2 508
0 422
2 177
0 66
7 449
3 925
1 89
7 177
5 299
7 388
3 641
7 815
1 31
6 953
2 288
5 134
5 916
5 413
7 671
0 790
3 767
0 331
4 884
7 335
4 273
3 214
5 719
6 410
3 822
7 556
3 654
2 260
1 304
7 368
6 505
0 447
3 225
5 832
0 991
1 996
2 244
3 532
6 944
6 417
5 657
7 229
1 720
0 586
2 867
4 351
7 464
1 700
4 282
1 502
2 52
0 890
6 764
4 611
4 716
6 179
0 706
2 37
7 602
5 451
2 929
1 897
5 305
3 786
0 129
6 213
7 842
7 182
2 878
2 667
6 526
0 968
6 607
1 659
6 981
7 382
7 616
2 360
3 876
5 861
2 491
6 891
2 530
0 293
0 572
2 354
3 159
6 331
6 33
6 327
5 804
4 981
6 340
0 46
4 841
4 925
1 38
0 18
7 595
7 328
3 976
7 265
4 710
7 253
4 290
6 461
3 993
5 219
1 785
2 253
2 229
4 662
1 347
6 188
5 48
0 461
7 904
6 511
4 675
6 61
2 696
1 412
7 965
6 726
3 953
6 80
7 510
1 802
7 480
0 152
5 564
4 905
0 692
0 786
7 181
5 38
2 721
7 271
5 138
3 141
6 681
7 625
4 669
5 400
0 475
7 381
6 518
2 211
5 703
4 634
0 196
5 465
0 827
5 956
2 790
7 56
1 672
5 14
6 165
0 546
7 319
5 31
2 214
5 751
2 239
3 505
2 410
5 57
5 763
1 554
2 815
7 376
6 996
1 532
6 804
3 154
1 358
4 312
0 428
3 193
2 154
4 159
0 372
7 506
4 933
5 392
0 23
3 588
1 510
3 884
6 903
5 142
7 224
4 185
2 223
1 23
6 428
1 645
7 750
4 640
1 564
3 785
5 153
0 310
2 198
6 683
1 585
1 715
5 632
7 165
4 279
4 936
6 723
1 861
5 437
1 157
6 238
0 292
2 668
2 760
3 853
6 320
4 620
5 951
4 289
0 812
5 656
3 628
1 35
0 853
2 47
5 530
6 657
5 29
5 129
6 895
0 936
5 772
3 956
5 162
6 191
7 165
2 427
6 931
0 987
2 639
1 498
3 320
5 695
0 184
0 195
3 510
2 0
4 40
2 709
4 905
6 881
4 452
7 216
4 123
2 519
1 238
6 635
2 877
5 612
7 859
1 197
5 290
3 4
1 857
2 237
6 966
2 185
1 779
6 153
0 605
4 368
3 393
6 754
6 37
0 388
1 877
0 266
6 135
0 851
0 335
5 459
4 559
2 423
0 45
3 944
0 600
2 199
1 19
0 320
4 24
5 305
3 646
5 421
0 545
0 477
0 713
0 886
5 932
2 314
2 238
6 333
4 922
5 536
1 837
5 349
6 917
3 467
0 929
2 48
6 865
2 707
1 814
3 554
4 606
4 77
2 126
0 35
3 294
3 341
2 780
2 697
4 49
2 965
6 756
5 453
0 892
2 903
1 809
7 805
2 677
3 260
7 644
2 555
0 218
7 422
7 291
4 401
6 635
7 318
3 732
0 365
4 987
4 683
0 78
3 212
0 75
7 263
2 471
1 10
0 419
6 744
1 903
2 754
0 864
4 633
6 548
7 573
0 971
1 684
0 448
3 508
3 72
7 595
5 294
1 288
1 37
4 479
1 530
2 182
7 657
5 695
4 166
1 445
1 228
4 890
6 377
1 904
3 874
0 48
0 104
5 585
0 369
4 785
7 297
2 646
5 134
4 864
5 961
5 141
7 438
7 570
2 782
0 320
0 325
5 176
1 56
2 274
3 177
2 678
4 82
0 132
4 18
3 221
2 305
7 873
3 746
0 614
6 269
2 536
0 654
7 727
1 177
2 489
7 116
6 180
0 491
5 766
3 661
6 841
2 702
0 766
4 861
2 680
0 667
1 428
3 632
1 384
1 860
0 515
7 40
4 526
4 711
4 745
2 632
6 691
1 4
1 486
6 189
0 699
7 86
6 530
2 634
6 231
2 140
4 174
4 793
0 416
2 993
1 229
0 804
1 311
5 81
6 378
6 315
1 479
1 557
0 823
6 275
7 390
5 800
1 300
4 265
2 801
6 582
3 587
2 654
7 900
6 399
2 358
5 708
2 467
2 550
1 162
0 696
0 945
5 469
7 145
3 313
0 49
5 329
0 987
7 239
7 71
5 517
2 57
5 970
0 548
6 519
0 698
3 614
4 64
2 240
1 523
4 509
6 801
4 913
1 174
6 27
1 496
1 379
6 475
7 430
6 222
0 85
3 166
6 267
3 487
2 792
5 413
6 639
0 492
2 3
6 57
1 616
4 279
2 459
1 50
0 481
6 191
5 249
4 970
1 292
4 376
5 524
3 90
6 355
6 715
5 952
1 93
4 30
1 269
7 479
0 731
2 943
0 231
1 336
4 61
5 362
6 416
2 578
5 49
5 792
1 996
1 242
0 666
7 813
4 114
5 254
5 605
4 823
7 94
3 389
7 139
4 944
2 990
7 766
7 159
3 508
6 656
2 596
2 375
1 609
7 54
3 390
5 116
2 847
4 725
0 365
5 692
2 124
3 535
7 73
6 154
2 202
7 332
3 836
5 209
7 252
2 12
0 275
2 208
5 691
0 63
3 149
2 718
5 437
6 869
7 948
7 444
1 537
5 302
7 188
1 170
6 126
1 435
3 14
1 876
3 928
6 114
0 46
3 56
5 437
2 697
6 4
5 889
7 271
3 266
4 406
4 252
0 322
0 934
2 683
4 746
4 453
3 394
2 692
1 686
7 79
3 867
4 525
4 976
2 3
1 608
4 30
0 942
4 252
0 392
2 742
3 252
6 998
2 46
4 448
7 524
7 467
1 962
2 852
7 141
5 532
2 617
7 314
6 266
2 139
1 558
2 149
3 76
2 808
0 542
2 558
1 487
1 809
5 18
0 91
7 221
6 613
7 185
3 749
0 550
4 462
3 769
5 271
7 110
4 671
5 40
7 718
0 606
1 681
4 893
2 489
6 748
5 304
5 734
4 89
7 293
6 744
7 866
0 259
2 447
7 981
3 863
6 366
7 283
1 799
0 172
0 643
4 94
4 205
6 705
7 464
1 549
7 413
1 576
7 744
5 307
3 214
5 128
4 993
0 332
0 941
0 784
6 128
6 588
6 59
3 332
2 645
2 436
5 649
1 83
7 740
3 822
7 914
3 592
4 67
0 403
3 133
5 296
5 417
4 947
0 531
0 704
4 866
3 234
6 505
6 613
3 61
7 905
1 90
5 234
5 773
2 869
6 176
1 520
3 403
6 774
6 99
5 462
0 322
4 833
6 366
3 778
3 233
4 754
4 884
1 833
7 977
1 268
4 573
0 451
1 607
3 614
4 407
1 24
1 476
3 261
7 7
1 974
1 426
6 917
6 69
7 672
4 157
2 552
3 728
7 410
0 284
3 746
3 452
1 773
2 332
4 124
2 426
4 285
2 827
1 867
3 656
6 296
0 831
7 248
3 556
0 598
1 35
0 884
1 468
0 417
5 395
5 844
1 991
3 378
5 683
4 420
4 136
7 858
2 916
0 878
4 469
1 17
5 173
1 345
2 262
1 794
6 7
6 183
1 120
3 521
5 158
6 847
1 657
6 261
3 868
1 102
7 319
5 194
3 372
2 134
0 653
4 348
3 271
7 11
4 444
2 250
2 474
3 248
5 859
7 409
0 352
7 417
3 983
4 164
3 855
4 46
2 283
2 873
4 925
1 1
4 768
2 675
3 702
1 430
7 784
0 993
2 55
7 160
4 725
4 747
1 679
3 145
2 540
1 869
7 606
6 539
6 123
1 673
7 490
2 442
3 294
6 467
3 197
3 741
0 655
7 207
0 633
5 650
7 74
0 343
2 390
1 759
0 448
2 394
5 535
5 269
0 272
6 883
0 715
2 97
0 112
2 57
3 361
3 623
6 579
1 468
3 200
1 187
5 11
2 643
0 122
3 79
3 0
3 569
2 587
4 438
7 322
3 502
5 907
6 471
3 796
4 159
2 518
1 349
1 984
2 427
2 609
2 853
6 821
1 677
3 88
3 813
3 315
6 446
5 144
4 412
3 208
6 289
6 622
6 607
2 335
1 64
6 893
2 907
0 340
5 827
0 52
7 192
6 11
4 941
1 908
4 448
1 628
2 195
2 80
7 208
1 837
2 712
3 543
3 500
0 908
0 664
0 24
4 679
4 199
3 544
0 325
1 575
2 82
2 556
4 573
2 929
2 741
4 844
0 317
1 520
0 376
1 185
0 393
0 789
5 836
1 51
2 325
7 819
7 749
2 273
3 843
1 84
0 549
2 221
5 976
1 92
5 278
7 106
7 494
2 967
2 228
1 196
7 348
1 665
2 94
1 419
7 493
2 874
0 135
0 261
1 541
3 817
3 334
4 842
1 170
6 863
3 531
0 655
0 778
0 977
5 963
0 161
4 604
4 851
0 836
1 556
5 169
7 549
7 648
2 388
3 905
4 568
7 14
0 20
6 248
3 16
1 99
7 667
6 917
1 147
7 686
7 483
0 428
4 63
3 127
0 246
6 54
4 173
1 742
6 564
4 543
2 201
4 461
3 50
5 443
1 484
7 605
1 337
0 351
7 462
4 203
1 863
4 579
1 29
1 230
5 663
0 525
2 120
2 436
7 717
2 71
4 361
2 521
1 62
4 450
5 704
7 936
3 262
3 956
2 188
3 236
1 663
7 419
0 451
1 305
1 439
0 723
4 405
3 850
4 821
5 343
0 305
7 149
1 499
0 210
6 995
2 243
7 911
3 794
3 575
6 884
7 532
2 167
1 555
1 757
5 670
7 958
3 437
0 247
1 564
7 976
4 256
7 570
4 587
2 882
6 519
4 528
7 77
1 342
3 417
7 714
0 256
5 118
5 132
0 630
6 823
7 608
2 530
5 950
1 246
5 983
0 303
5 169
7 263
0 366
0 667
3 471
6 104
4 969
7 307
2 285
5 909
0 265
0 775
5 261
5 401
0 138
4 461
4 437
3 875
6 109
4 883
4 818
3 874
6 928
5 738
7 664
2 810
1 791
5 498
3 958
1 2
7 307
1 109
0 891
0 548
0 879
1 933
7 124
4 836
6 989
6 970
4 277
5 288
2 70
4 826
4 389
0 829
2 995
6 441
6 275
2 239
4 126
2 555
7 331
1 358
0 669
2 31
7 813
3 367
1 105
6 615
5 373
0 542
0 735
2 959
6 678
4 220
7 74
5 110
4 518
3 782
5 149
2 134
5 132
5 197
4 47
4 435
2 609
1 493
4 314
0 59
0 354
4 852
2 407
6 537
0 430
3 113
7 133
2 893
2 101
4 207
3 959
0 272
5 973
7 265
5 569
3 335
3 309
4 703
1 149
3 642
4 561
6 863
4 707
0 664
0 903
6 660
5 219
0 782
0 698
4 535
6 429
2 543
7 409
6 806
1 840
1 841
0 909
0 799
0 517
4 129
5 392
3 634
0 74
5 507
2 168
5 393
0 264
1 39
6 535
7 935
0 999
4 480
0 185
6 228
5 800
0 474
4 499
5 155
6 228
5 698
3 408
0 698
2 732
3 49
0 936
7 347
3 464
1 195
7 811
3 703
1 133
0 155
6 989
2 557
0 324
4 319
1 699
7 756
5 107
3 403
6 493
6 330
5 929
5 607
7 653
2 56
4 192
6 122
7 522
7 456
7 287
3 283
0 496
4 122
5 549
3 999
2 275
5 1
0 559
4 650
2 975
0 702
0 918
1 54
6 208
7 344
3 637
5 186
5 19
1 89
1 834
6 964
5 475
2 19
5 629
5 951
5 79
6 125
3 182
6 495
7 41
6 589
0 466
6 515
5 437
7 759
3 398
1 85
0 744
5 259
2 477
5 330
7 568
6 259
2 986
3 844
1 945
3 761
5 913
6 601
0 234
0 974
3 787
3 505
4 868
1 609
3 327
7 606
1 747
5 349
1 323
4 817
2 330
4 32
1 855
1 946
0 346
5 73
2 332
0 721
2 695
6 897
0 621
0 621
2 73
5 806
7 867
5 665
1 553
1 793
4 683
5 850
4 660
0 218
3 854
5 544
2 269
3 275
0 298
3 611
1 218
5 120
2 392
2 635
4 187
6 59
5 168
5 603
6 537
0 525
6 113
7 645
1 216
2 978
5 169
4 237
6 359
7 177
4 496
3 401
4 593
1 258
5 722
3 646
4 387
5 3
1 946
2 588
6 922
3 28
1 155
2 535
1 975
7 322
3 877
6 211
5 536
2 288
6 682
6 221
1 458
4 275
7 578
4 918
2 781
0 295
7 564
3 155
5 896
5 67
6 552
0 948
4 747
5 698
0 522
5 203
6 849
3 89
0 693
2 279
6 10
6 115
6 405
5 818
5 99
3 779
7 515
6 92
6 315
5 747
7 414
7 522
4 133
3 690
1 676
6 5
0 544
5 613
7 742
1 955
6 20
7 845
1 813
0 501
0 79
6 317
0 255
5 757
0 156
0 920
5 769
1 518
3 750
4 967
2 914
6 686
3 8
5 173
2 820
3 301
2 627
2 745
7 810
6 623
7 655
0 150
5 173
3 90
1 152
3 767
5 683
3 705
7 688
4 216
5 905
4 112
1 487
2 119
6 64
7 968
7 990
3 848
2 140
4 438
5 699
6 63
1 363
3 777
1 0
1 264
0 214
5 494
5 937
2 703
0 707
1 425
1 495
3 564
2 563
6 279
7 560
3 348
5 816
0 678
6 822
4 777
7 670
0 90
1 236
0 962
3 817
0 345
6 13
0 299
3 264
0 191
3 978
2 451
2 17
7 314
3 776
7 228
6 715
7 407
1 463
1 599
1 108
1 297
5 207
7 50
1 880
2 0
3 132
5 356
6 285
6 693
1 113
4 861
4 591
6 484
3 989
1 687
1 380
3 923
5 934
6 763
3 214
2 376
4 918
4 552
5 754
3 970
7 518
5 48
4 451
0 515
3 967
4 593
4 540
2 991
2 489
7 640
0 221
4 754
2 100
6 48
2 903
5 721
1 849
4 882
5 5
5 796
5 952
4 25
0 906
3 318
6 475
0 803
5 326
2 188
4 215
6 280
2 254
7 891
5 827
1 459
7 874
3 158
7 997
7 671
6 903
2 2
5 300
3 427
7 714
1 757
6 204
2 751
2 744
3 618
5 119
2 756
2 685
2 525
4 153
1 641
3 890
7 787
6 153
3 874
7 534
2 501
4 21
5 548
6 247
6 41
5 596
1 64
5 768
1 19
4 490
4 330
6 7
0 627
5 36
2 380
1 485
2 660
1 485
4 976
1 79
3 451
3 870
6 12
7 457
3 264
2 43
3 383
3 416
5 211
7 864
5 727
4 824
6 560
0 949
4 394
5 609
7 408
4 713
2 822
6 804
7 173
4 32
1 602
6 919
0 958
5 109
6 189
5 425
6 596
6 989
6 755
3 188
5 430
4 287
3 775
4 690
2 291
5 856
0 227
1 59
1 264
5 871
0 807
3 555
0 23
2 97
5 495
5 997
4 538
1 177
3 376
3 613
6 293
1 264
4 598
6 706
1 197
4 19
6 578
1 759
0 471
6 435
0 846
0 243
4 716
4 50
7 991
4 815
0 485
3 157
0 108
1 297
5 497
3 661
4 595
2 380
7 980
2 736
3 599
4 563
5 103
6 464
0 980
2 731
0 712
4 253
7 456
2 477
2 572
7 381
2 614
2 586
2 281
1 773
0 654
5 901
5 5
1 204
7 645
5 155
1 175
0 881
6 312
4 938
7 200
6 51
5 433
3 761
6 664
6 300
1 574
3 427
7 566
4 916
0 918
6 273
3 833
1 430
0 865
2 381
0 39
1 232
1 774
6 892
0 231
5 108
7 393
7 88
5 871
5 227
5 781
6 587
1 360
1 759
4 385
1 995
4 924
2 602
6 925
5 488
4 38
7 666
3 188
3 94
2 112
5 200
4 527
7 507
2 157
7 464
4 110
2 672
2 40
5 437
5 120
6 474
5 578
6 293
3 248
0 177
1 413
4 253
0 869
3 827
4 82
0 922
2 104
0 930
7 220
4 461
0 997
7 202
7 781
5 693
6 586
0 389
2 951
5 292
0 106
4 848
2 764
4 732
6 68
0 716
1 382
3 332
6 817
6 306
7 733
7 979
0 573
4 23
4 66
4 697
1 788
0 64
4 19
7 476
0 811
1 727
3 721
3 276
6 297
6 841
5 285
2 406
5 893
0 86
0 97
5 484
5 33
5 493
1 697
4 492
4 513
3 405
1 335
1 830
7 615
4 367
5 196
2 462
5 203
4 754
6 685
6 890
7 139
5 123
0 57
2 49
7 892
3 157
3 488
0 860
4 11
7 708
3 353
4 1
3 424
5 913
3 346
5 179
7 890
3 26
4 623
3 518
3 883
3 742
3 367
2 179
0 535
0 937
3 763
3 501
6 46
0 648
3 569
3 230
0 482
1 759
5 684
7 972
3 8
7 643
6 670
5 105
3 414
1 797
2 686
4 716
4 64
1 477
3 544
2 445
4 315
0 484
0 185
1 271
2 171
1 921
2 441
7 102
4 773
3 737
5 550
7 896
5 522
2 600
5 432
3 444
0 601
2 747
3 737
4 684
5 285
6 806
4 983
5 638
7 160
7 920
0 532
6 30
6 541
5 824
5 28
5 721
4 901
6 120
4 191
5 603
1 761
0 907
1 669
6 853
6 272
5 245
3 942
4 563
4 257
5 809
2 361
6 267
3 703
6 253
0 895
0 723
7 617
6 400
6 880
1 468
1 732
2 662
1 340
6 862
0 669
6 883
6 554
1 293
2 241
0 504
3 106
3 144
1 914
3 361
6 503
3 300
2 895
4 613
4 243
1 186
5 148
6 943
4 924
5 664
0 838
0 6
6 451
6 19
5 47
6 513
5 915
2 841
7 479
2 750
0 931
7 987
3 62
2 837
5 223
6 855
5 373
1 358
2 364
3 543
0 815
2 18
3 573
4 244
3 314
5 478
2 635
1 380
2 453
4 35
3 71
5 90
1 104
4 622
5 883
2 584
2 925
2 428
0 813
0 902
4 19
7 77
2 550
3 704
4 28
3 680
2 335
7 248
6 923
6 260
4 739
0 856
4 150
3 514
0 661
0 443
1 149
3 39
0 331
7 703
7 188
3 162
3 857
5 314
6 633
5 291
4 474
0 741
0 136
5 588
7 24
5 830
5 904
3 225
0 317
1 946
5 15
0 732
7 872
1 357
1 325
0 582
4 501
5 776
4 636
4 787
1 100
4 538
3 190
4 592
2 43
2 69
2 999
7 282
0 201
6 729
7 641
6 678
7 691
7 779
6 171
7 340
6 887
6 628
4 993
4 938
7 110
6 94
0 161
2 333
6 368
1 593
7 430
1 503
3 78
2 801
5 553
1 225
5 723
4 519
1 425
0 104
6 168
2 998
3 926
7 396
5 450
0 656
0 613
3 705
2 147
4 997
7 703
2 493
4 428
6 494
6 173
6 390
4 148
3 376
4 775
1 74
2 762
7 809
3 594
5 122
0 725
5 794
7 343
3 207
6 652
1 977
7 300
1 871
7 459
3 876
6 20
6 164
6 32
3 213
7 193
6 72
2 807
6 51
3 506
6 274
3 961
5 687
7 323
6 62
2 158
2 721
6 240
1 664
5 564
5 604
4 565
4 731
7 895
1 875
5 42
3 263
6 104
3 968
7 213
4 562
3 321
2 902
7 873
5 539
7 796
1 898
6 171
2 86
1 765
7 171
2 462
6 514
2 89
6 346
4 513
3 674
1 543
1 749
0 496
4 206
1 783
2 6
4 439
4 725
0 405
3 715
5 35
4 785
3 711
1 130
5 39
7 764
1 86
6 352
6 153
0 226
0 719
6 594
7 676
1 66
5 920
3 300
6 362
2 783
1 569
1 651
7 70
4 896
0 280
1 90
5 510
6 721
3 901
2 92
7 987
3 363
0 644
7 214
5 102
7 433
4 262
5 984
0 203
3 193
4 832
7 268
5 953
6 277
1 656
3 136
4 232
5 902
4 516
2 236
5 465
0 993
2 457
4 765
6 210
3 495
3 594
3 738
7 104
0 106
2 736
1 108
2 446
2 550
2 479
0 284
6 511
0 376
5 960
2 980
3 452
6 565
7 590
6 946
4 670
7 158
2 998
5 432
6 981
4 111
4 472
7 108
5 378
2 303
3 978
6 860
2 110
4 829
7 81
0 98
0 531
1 215
7 875
0 678
6 981
5 668
0 890
4 788
3 965
0 310
2 78
4 78
3 948
6 592
2 386
5 486
5 298
5 799
5 348
1 381
1 619
5 134
2 882
7 129
7 717
3 495
6 962
6 335
7 833
4 644
2 969
3 489
0 535
3 145
6 118
1 916
2 280
2 599
0 676
1 361
1 872
2 540
3 783
0 448
5 506
3 188
6 927
7 447
0 318
4 698
7 470
6 174
5 17
6 264
2 853
5 439
4 835
2 911
0 559
2 586
7 157
4 245
4 805
3 899
6 636
3 912
6 917
6 209
2 211
0 332
4 452
7 494
5 456
7 257
3 469
2 785
7 970
7 415
2 723
0 603
3 616
5 819
4 305
4 524
0 854
2 284
2 684
4 593
2 888
5 860
5 46
0 688
7 676
0 848
3 769
2 816
3 670
7 975
3 15
6 195
7 708
0 176
2 962
2 237
1 972
2 559
7 94
3 739
3 702
0 227
3 742
4 562
1 30
5 739
6 389
1 267
4 117
7 193
6 918
2 281
1 527
6 613
0 792
7 97
4 643
1 319
1 367
5 797
0 770
7 794
6 526
3 608
2 858
0 75
4 584
0 18
7 901
6 438
7 335
2 541
4 859
2 715
0 93
7 327
1 752
6 375
7 535
1 274
5 489
2 169
4 409
7 538
0 171
3 357
2 511
2 837
1 462
3 652
3 769
2 122
1 100
4 152
2 185
2 381
7 479
1 100
6 91
6 904
5 966
5 473
7 511
5 551
3 568
1 232
2 534
3 859
4 204
5 975
4 494
6 415
4 259
6 567
7 506
1 317
6 84
3 950
6 453
5 272
0 409
0 359
2 858
6 931
2 286
5 451
3 262
2 107
2 735
1 224
5 497
5 714
1 684
1 528
0 223
0 511
6 304
2 576
3 792
7 577
4 413
4 212
7 599
6 550
6 697
2 928
2 20
0 127
7 363
2 193
0 455
7 571
3 926
7 273
2 655
4 798
2 583
6 448
6 33
2 869
5 125
1 276
3 495
3 201
2 58
1 149
0 451
1 976
1 868
3 448
6 804
3 295
0 608
1 921
6 94
3 723
7 291
3 68
5 402
4 350
3 368
3 325
5 220
0 900
5 255
3 315
2 947
4 798
7 58
1 549
1 214
1 428
1 624
3 644
2 470
6 839
5 846
2 713
6 170
1 858
5 963
6 188
2 839
2 818
0 58
0 755
7 345
1 129
6 32
7 348
4 472
6 397
7 705
3 88
2 77
0 653
1 823
7 654
1 180
6 265
4 545
2 214
7 555
4 563
0 821
6 147
0 452
5 316
5 655
4 384
5 55
7 124
3 583
3 894
7 604
5 705
7 883
6 743
2 966
4 730
5 570
6 434
6 422
5 531
4 859
3 514
6 305
0 794
0 769
5 3
4 903
2 226
1 331
2 576
3 980
6 438
0 888
6 573
0 326
2 92
6 372
6 101
7 948
6 270
2 639
6 795
6 686
2 328
0 47
3 668
2 915
4 578
7 682
0 818
6 607
4 546
7 220
1 362
0 246
5 239
2 610
1 427
3 112
0 667
7 364
7 187
5 497
3 787
6 620
4 539
6 868
1 912
2 437
4 258
1 258
5 921
5 235
4 518
1 808
4 860
7 576
1 156
7 165
1 252
7 901
2 717
5 581
3 859
5 255
2 55
0 318
1 735
5 677
6 605
1 790
6 10
6 865
6 791
3 462
3 167
5 538
0 485
0 866
2 843
2 165
3 636
3 226
0 741
2 976
6 742
0 164
5 484
3 623
5 763
2 670
0 800
6 167
2 32
3 334
4 508
0 477
0 335
4 867
3 312
6 127
3 961
5 158
5 24
3 424
6 570
3 69
5 6
7 361
7 975
3 618
0 195
3 979
6 152
0 311
6 393
2 870
4 81
1 503
7 514
4 892
2 725
3 807
0 903
6 122
5 216
3 713
4 541
5 294
6 242
3 509
3 396
6 693
4 111
1 935
4 827
0 414
5 494
5 635
6 742
6 627
4 203
0 721
0 384
2 789
2 326
2 613
2 381
4 904
0 206
1 822
4 372
2 585
4 809
7 967
2 330
5 213
7 286
6 629
2 655
5 0
5 772
1 55
0 623
5 350
4 152
4 862
7 760
1 742
5 19
6 825
6 7
5 587
1 325
4 667
3 691
0 313
1 984
7 969
7 681
1 436
2 195
3 709
3 97
4 229
6 864
7 170
6 796
2 516
7 31
2 454
0 554
2 538
4 841
2 145
5 531
7 707
0 583
0 386
7 923
3 500
7 373
2 10
6 485
4 644
2 413
7 590
1 570
3 857
2 341
0 637
0 639
6 951
2 464
3 254
2 305
7 526
0 129
6 201
5 766
3 482
1 647
2 850
3 554
7 333
3 413
4 119
7 19
4 626
0 761
2 575
6 339
4 97
2 342
5 787
5 495
7 640
3 694
0 713
6 902
4 847
7 721
5 72
3 742
7 577
0 931
6 921
3 958
5 91
6 21
5 762
2 499
2 12
5 597
4 146
2 475
5 520
0 665
7 290
3 291
7 262
7 723
2 845
0 258
0 335
1 166
2 797
1 851
1 564
6 886
1 653
5 408
1 910
0 117
1 832
6 771
7 336
5 982
0 881
0 822
4 872
5 665
4 358
2 830
4 669
2 337
1 134
4 847
5 875
3 949
0 726
6 506
0 567
0 947
1 432
1 16
1 462
4 326
5 550
3 447
0 929
7 246
5 585
4 460
1 410
0 520
2 481
1 254
2 218
2 201
2 323
1 307
2 251
1 310
5 495
0 725
3 597
6 840
4 416
3 643
3 61
6 19
2 893
7 295
1 828
7 465
5 67
6 641
7 759
6 472
5 764
1 734
6 520
0 895
2 226
7 467
7 405
2 534
5 113
5 113
3 678
1 796
5 704
7 416
0 444
0 421
3 789
5 921
1 82
4 949
1 707
1 652
2 608
1 115
5 719
6 366
2 808
0 495
7 304
4 679
4 855
4 309
6 607
1 305
7 399
3 54
2 24
0 572
7 244
3 705
7 268
4 713
1 937
1 292
3 176
0 694
3 423
7 28
6 585
1 776
6 941
5 444
0 888
4 949
6 407
4 800
1 429
6 456
5 426
3 312
6 424
0 987
7 713
2 583
7 701
2 987
7 542
6 607
4 503
7 267
3 562
7 291
3 932
7 62
6 200
1 314
5 84
5 825
0 20
2 799
3 471
5 364
4 922
2 148
7 880
3 41
4 482
6 490
0 431
0 125
7 630
2 961
2 444
1 863
7 546
1 539
7 154
4 735
3 227
4 206
7 650
4 607
1 931
3 898
0 650
0 699
4 815
4 347
2 798
0 77
0 577
3 65
0 871
3 864
6 387
5 911
6 22
1 521
4 615
1 20
7 444
3 250
5 83
1 223
4 511
1 929
3 620
4 876
4 851
7 295
6 163
1 276
6 76
3 490
7 218
6 13
7 286
2 625
1 564
3 603
5 501
2 868
1 584
3 318
5 485
0 674
7 171
7 537
4 101
7 994
7 243
1 685
6 974
2 899
7 863
5 966
2 92
4 191
5 931
1 111
2 474
5 769
3 441
6 596
6 687
2 565
2 302
4 459
7 616
0 167
5 566
2 197
4 319
3 38
5 249
3 372
5 639
0 720
4 448
7 326
3 258
0 65
5 845
6 189
4 588
2 942
3 193
0 516
2 231
0 467
7 55
7 555
3 333
5 127
6 943
1 269
6 697
7 818
7 563
7 357
3 67
4 657
5 142
5 476
0 79
7 205
0 135
4 534
5 387
2 602
7 467
5 235
5 909
1 412
1 412
7 976
2 420
2 443
0 511
7 287
4 216
7 430
4 252
7 524
6 977
5 673
4 701
2 314
6 666
6 435
4 495
3 262
1 398
5 829
4 977
1 204
2 960
4 601
5 950
0 907
4 307
0 725
7 840
2 322
6 117
4 289
7 874
0 231
4 608
2 885
2 880
0 835
4 76
3 108
7 265
4 307
0 595
3 932
7 775
4 646
7 717
7 856
7 838
6 567
4 851
3 88
4 894
3 275
7 360
2 350
1 750
1 550
3 41
0 484
2 90
7 708
4 769
7 750
5 707
6 110
6 121
0 641
4 122
3 339
1 3
1 813
3 346
3 450
6 198
0 203
7 121
2 447
5 531
6 202
0 866
4 796
5 862
1 356
7 57
4 172
1 384
2 165
7 700
3 469
0 253
6 539
3 287
2 617
3 888
3 56
4 835
1 447
3 993
2 34
6 498
2 814
3 543
4 964
1 946
7 495
2 457
0 926
7 725
6 562
2 66
5 73
0 822
7 598
1 323
5 569
7 191
7 55
3 714
4 331
2 804
5 563
1 564
2 357
7 736
2 256
1 241
7 703
6 201
4 582
7 639
6 49
0 886
0 269
0 827
7 316
7 778
7 596
1 73
1 985
1 576
1 964
3 274
3 232
6 25
0 351
0 317
3 847
4 208
3 859
7 421
7 370
6 406
7 246
7 623
7 993
5 824
2 368
0 328
2 925
4 118
3 722
1 380
4 342
1 390
3 975
1 728
6 362
1 15
6 318
7 192
1 189
5 620
4 467
1 509
3 6
1 21
2 414
4 650
0 342
6 661
5 851
6 367
7 228
2 527
7 21
3 857
5 88
4 120
6 129
0 949
2 609
0 865
3 76
3 484
2 908
7 441
0 239
3 677
4 543
5 365
6 276
4 480
0 403
5 920
5 582
0 21
6 896
4 568
4 753
5 743
0 902
6 125
2 697
0 961
7 711
3 509
5 605
1 351
0 942
4 894
3 845
5 716
4 153
2 66
1 41
7 272
5 698
3 437
7 903
6 339
1 430
3 953
1 190
4 748
2 633
6 9
5 261
6 924
6 714
3 25
1 503
1 698
0 46
5 300
0 887
5 268
5 193
7 56
5 582
7 220
5 799
5 46
2 306
4 827
4 312
7 775
2 149
3 721
5 314
1 201
5 365
6 870
6 746
1 998
2 83
3 896
6 799
1 296
3 616
0 478
5 976
5 448
1 783
1 377
2 894
4 650
0 751
1 522
0 151
2 178
3 738
1 469
5 73
2 347
1 889
1 322
2 134
6 694
7 995
2 719
2 649
0 502
0 242
1 250
4 545
3 980
1 207
1 877
0 567
0 323
5 753
7 673
7 120
3 861
5 439
0 5
3 951
1 841
3 884
5 939
7 871
7 768
5 72
7 360
3 573
6 95
0 680
0 270
3 488
7 268
1 712
7 719
0 485
1 209
4 3
3 854
6 123
3 658
2 972
1 835
2 405
5 576
6 403
3 238
2 329
2 522
1 483
0 57
2 154
5 41
7 470
1 736
2 222
2 789
0 116
1 443
3 258
5 959
5 217
3 256
2 55
2 941
6 20
6 211
4 321
7 35
4 500
2 737
6 870
3 268
7 854
0 860
3 83
4 478
6 368
7 551
4 513
5 666
5 547
4 411
6 833
5 659
4 922
1 407
3 274
0 132
0 91
6 945
7 164
4 178
2 157
6 12
6 926
1 907
6 259
4 693
1 469
7 778
1 453
0 536
4 565
0 560
1 365
1 534
0 280
6 765
1 794
1 812
0 807
2 898
0 742
3 511
1 649
6 955
3 178
7 182
7 512
5 751
5 600
1 110
3 350
0 671
3 5
4 569
4 907
2 583
6 764
5 917
0 87
1 219
2 716
4 9
0 849
1 809
7 750
4 682
1 146
7 596
6 893
0 668
3 690
6 506
0 49
0 571
6 648
4 753
2 192
1 296
1 579
1 195
5 728
3 781
1 935
4 730
6 247
1 332
7 353
2 743
2 615
7 242
4 105
1 332
4 462
1 43
6 438
6 370
7 467
2 745
4 233
0 934
3 578
4 770
1 810
1 686
1 180
5 392
4 277
3 286
1 57
7 781
7 919
3 365
7 7
0 493
4 291
5 72
2 751
1 801
0 708
0 690
2 769
6 525
3 159
0 137
6 493
4 63
4 126
5 503
5 243
6 77
5 481
0 404
5 344
4 145
3 397
6 644
1 621
4 916
6 332
1 348
3 28
2 942
5 544
3 991
4 146
3 674
6 922
2 211
4 987
1 22
2 543
5 255
4 187
7 297
6 930
6 697
7 761
1 817
0 788
7 797
7 581
7 914
6 901
0 473
7 834
2 977
1 513
4 247
0 109
7 571
4 894
0 701
6 259
0 665
6 31
4 335
1 285
2 819
4 727
2 131
4 491
4 292
3 45
2 56
3 787
2 897
7 248
3 42
3 821
4 907
2 522
7 520
3 492
3 50
5 335
2 133
1 289
7 182
6 20
0 841
3 570
2 842
4 42
7 325
1 943
1 420
4 827
7 329
3 632
7 243
0 560
1 498
0 858
6 888
2 623
1 686
0 173
7 363
0 764
4 430
2 625
5 877
6 791
7 124
7 585
1 94
0 448
2 347
3 625
0 184
7 317
2 145
4 103
4 57
0 548
6 928
5 690
1 627
7 716
5 608
7 823
7 799
2 647
0 577
1 85
3 576
1 336
0 597
7 229
2 660
4 495
1 952
3 97
5 19
3 34
1 467
2 34
2 480
1 116
1 658
3 875
3 308
2 308
2 3
7 561
0 316
4 307
5 593
4 903
1 922
5 592
2 147
3 359
3 660
7 389
0 381
1 258
6 827
7 595
4 104
4 550
2 916
6 744
7 615
1 474
2 937
4 279
6 45
1 767
4 818
7 728
2 772
0 240
4 905
1 487
5 696
5 486
6 247
6 475
5 582
7 752
7 368
5 307
2 373
7 822
7 935
3 742
7 241
2 11
2 171
3 860
2 888
7 832
3 280
6 350
6 961
1 85
0 189
2 446
4 171
2 106
0 171
5 165
1 183
2 911
3 379
3 574
6 173
6 755
1 770
3 668
2 911
4 412
2 850
5 14
0 478
2 127
5 321
0 415
6 174
1 563
1 154
7 821
0 247
1 133
2 737
0 100
0 260
6 452
2 74
1 132
3 939
4 907
2 256
6 468
7 704
2 984
5 520
0 538
7 85
6 489
6 825
5 822
2 806
1 548
0 92
7 490
5 291
4 995
0 423
7 978
2 847
0 338
4 471
4 840
1 899
5 82
0 623
6 162
6 882
7 15
1 742
2 358
2 254
5 934
0 170
1 508
6 579
2 89
1 74
6 959
1 611
2 51
5 650
4 16
7 276
2 507
2 240
6 756
2 924
6 875
0 955
6 815
1 582
1 936
7 186
5 631
2 641
3 384
0 599
3 175
3 488
0 598
2 253
1 927
2 45
0 623
6 538
1 886
6 695
2 130
1 422
7 679
7 147
2 706
1 520
0 974
4 268
1 88
7 278
3 50
1 170
4 27
1 464
7 533
7 440
6 41
1 128
3 277
7 840
0 726
4 568
5 368
1 976
6 710
1 824
2 282
5 786
2 407
4 927
7 410
3 308
4 933
2 228
5 416
6 897
1 429
6 194
2 6
5 607
7 128
2 478
0 778
1 424
7 867
5 829
1 70
3 432
5 278
6 565
6 82
7 188
6 983
6 661
4 256
0 59
1 404
6 499
3 505
4 71
4 274
0 1
2 390
4 51
0 799
1 714
6 782
5 392
6 988
4 107
6 26
6 980
7 407
1 964
3 754
4 637
7 640
6 76
7 777
0 402
4 95
5 809
1 722
6 347
6 959
2 306
6 325
4 120
5 470
0 645
3 824
0 605
1 626
3 846
0 809
0 331
4 716
6 486
1 45
5 148
6 639
4 47
7 445
3 49
6 604
5 491
0 681
3 245
4 778
3 62
1 692
1 547
1 237
3 199
4 218
2 992
7 154
7 526
7 206
3 866
6 974
7 944
5 806
0 667
1 337
6 227
7 475
0 791
6 160
3 347
3 690
5 293
3 378
1 148
7 99
1 100
4 77
3 432
3 289
3 820
7 829
0 9
0 174
7 368
4 790
1 418
7 407
2 30
2 882
5 723
7 545
6 406
7 571
4 858
6 290
7 839
0 429
4 127
0 648
7 291
5 916
3 976
6 772
6 461
0 184
2 988
2 711
2 704
2 937
4 495
6 592
6 51
3 535
7 978
5 731
7 678
6 34
6 674
0 12
5 812
0 24
0 279
7 899
4 370
1 250
2 768
4 904
7 568
2 703
2 678
5 519
1 433
3 363
0 711
4 595
4 925
4 28
7 708
6 891
5 468
4 648
0 336
0 408
7 695
5 803
2 897
2 82
6 228
3 790
1 174
3 167
4 709
1 7
2 179
7 200
0 744
0 236
4 752
7 336
3 460
5 172
7 166
2 688
6 53
3 389
5 919
5 382
5 457
4 750
6 639
7 988
0 150
6 815
0 572
0 701
2 347
1 390
6 481
6 611
1 612
3 817
7 262
7 864
7 940
3 59
7 917
4 667
2 623
4 674
0 338
6 580
2 602
3 551
3 104
4 321
2 868
2 600
0 689
5 201
4 431
5 912
3 660
3 473
3 414
0 831
4 875
5 790
6 86
7 264
1 209
5 259
3 427
4 559
0 28
3 449
2 724
0 864
1 941
3 20
3 837
0 460
2 615
6 894
6 944
1 597
0 448
3 934
5 772
0 48
1 957
2 963
4 211
1 418
6 869
2 212
0 642
1 123
1 275
3 663
4 879
7 77
3 821
1 907
3 857
6 745
4 804
0 848
3 592
6 873
5 57
3 872
3 110
1 661
4 364
4 308
1 289
6 923
6 397
6 55
0 137
6 420
5 564
5 310
7 240
1 971
3 620
2 701
2 191
3 819
0 38
7 151
3 865
6 789
4 257
3 220
1 700
1 689
7 614
6 422
1 534
2 855
4 940
3 589
0 270
5 39
6 240
2 988
2 617
3 424
5 678
3 974
7 990
4 644
2 366
4 162
1 163
7 758
3 574
4 587
2 460
4 505
6 168
2 862
7 976
6 365
3 636
2 385
5 706
0 934
0 447
2 676
2 113
7 418
5 838
2 236
5 335
7 702
5 939
3 993
6 556
0 922
3 401
3 170
0 689
0 883
7 200
1 451
5 50
0 57
5 578
1 538
0 386
6 768
2 509
1 593
3 176
2 257
3 175
0 389
1 883
3 704
3 888
2 101
6 376
2 826
4 451
5 219
4 309
2 515
5 806
6 236
5 976
7 264
6 625
4 367
0 983
7 592
5 579
4 810
4 203
6 614
2 705
6 195
7 878
4 536
4 820
4 18
3 970
3 300
3 641
0 103
7 443
7 495
1 92
7 683
1 998
7 5
1 835
1 421
5 264
4 749
0 82
4 584
4 755
4 999
6 256
3 20
3 502
2 426
5 877
3 594
7 111
2 930
7 152
0 12
1 660
6 204
5 881
4 498
1 377
1 384
4 304
6 685
7 624
5 752
2 925
4 728
2 650
2 334
2 713
5 275
7 812
5 172
6 620
6 682
2 872
0 983
4 175
7 982
6 484
1 4
4 137
3 797
3 446
7 293
0 182
2 236
0 400
4 39
1 431
7 722
2 492
3 479
5 78
2 170
6 899
4 675
0 610
0 175
5 308
2 567
3 741
5 188
3 916
3 218
4 653
1 2
1 350
5 516
6 646
1 47
3 564
6 934
5 899
7 582
5 634
0 401
5 8
4 221
7 169
6 271
1 84
2 319
3 106
0 919
7 873
5 2
0 42
5 963
1 749
0 853
6 750
6 464
5 196
5 683
2 829
1 187
2 932
6 403
3 341
6 495
1 642
4 3
6 785
6 977
6 863
5 974
6 437
1 723
6 828
1 350
1 713
5 274
5 395
0 35
2 352
2 654
1 379
4 30
0 975
6 403
1 190
3 155
6 168
4 964
2 285
6 357
7 203
6 347
6 12
5 390
4 265
4 711
6 405
4 513
4 102
4 922
5 645
5 624
4 308
1 513
6 255
2 295
2 205
2 761
7 376
1 935
6 900
1 990
7 740
2 390
0 771
0 839
7 94
2 286
7 403
2 347
2 374
3 469
6 636
4 149
4 437
1 6
4 83
7 347
1 851
6 370
1 753
7 742
4 376
3 601
4 532
2 142
3 294
2 837
3 897
6 295
5 775
2 24
3 649
4 386
4 812
5 826
0 669
5 117
6 301
1 528
6 371
1 91
0 985
2 948
3 619
3 217
1 248
1 605
7 964
0 101
7 451
0 693
2 847
4 517
6 881
4 685
0 420
6 917
1 409
4 640
1 812
4 775
5 450
6 309
2 724
0 542
4 689
1 648
6 46
7 389
3 916
0 531
1 203
4 742
7 18
7 345
0 592
3 243
1 853
2 161
0 667
5 458
2 292
2 246
3 624
4 618
5 62
2 877
3 302
1 582
7 706
3 504
3 400
5 398
7 356
0 535
1 615
3 733
3 100
4 950
0 966
5 617
6 421
4 999
5 817
4 45
5 861
5 879
5 352
5 866
2 188
4 85
2 395
7 415
5 501
3 572
5 285
3 848
7 387
4 431
4 781
2 432
7 729
1 903
1 940
1 494
3 523
7 637
4 101
2 766
2 418
7 422
6 583
2 762
1 470
3 527
7 21
6 245
4 623
3 888
6 269
1 396
1 314
7 416
6 438
0 370
0 225
0 263
2 766
4 131
2 923
1 191
4 969
0 751
7 936
6 860
0 22
0 55
7 994
0 455
1 5
6 992
7 321
0 743
2 337
5 676
4 884
5 558
5 656
1 798
2 301
3 855
6 618
4 11
2 381
2 396
4 644
5 969
0 700
5 405
2 938
6 650
0 302
6 27
1 222
3 255
6 187
6 198
1 372
1 770
7 27
7 844
5 259
7 341
2 229
7 349
7 828
2 341
0 912
6 793
0 898
5 657
7 215
3 243
6 416
3 45
1 885
0 819
0 54
3 808
5 906
7 802
7 860
4 921
2 215
1 906
3 467
2 903
2 122
2 621
2 864
5 334
1 907
1 598
6 665
3 948
6 267
7 10
4 949
5 900
6 998
1 630
5 74
4 499
1 384
0 87
5 491
7 702
4 278
7 64
5 58
5 218
5 467
1 452
0 865
7 582
4 863
1 33
4 450
2 485
4 709
1 786
0 697
7 600
0 140
6 974
1 29
1 875
0 478
7 914
0 384
7 910
7 764
6 536
6 532
1 752
3 298
4 442
2 379
0 675
2 411
0 718
2 547
1 289
3 626
2 720
6 403
0 258
2 278
2 734
7 168
3 403
6 378
5 167
2 592
3 277
4 196
7 796
5 294
0 120
0 641
4 930
4 823
5 564
3 687
7 263
2 786
4 674
1 864
1 273
7 36
0 812
0 251
1 680
0 398
7 817
3 993
0 787
0 640
7 269
4 3
5 534
1 550
7 305
2 402
6 576
4 833
4 375
7 701
3 629
6 207
0 842
5 898
2 368
5 685
0 865
7 521
0 477
6 960
3 191
7 417
2 505
0 859
0 335
4 991
7 363
5 115
5 751
0 539
0 551
0 109
7 913
6 519
0 759
6 229
6 547
4 69
0 248
7 989
4 841
4 252
7 531
3 762
5 732
3 403
0 877
6 403
2 847
6 885
2 106
5 908
1 112
0 410
7 610
3 296
4 731
7 7
1 267
7 546
5 774
4 634
5 517
5 794
7 663
2 323
0 145
1 775
1 265
3 970
2 288
4 678
6 166
1 635
5 159
6 432
2 186
7 938
4 455
6 420
0 116
5 240
0 32
1 871
1 905
2 173
3 811
1 566
1 241
1 410
2 86
0 39
1 260
3 327
4 413
1 537
2 548
4 143
6 498
3 877
2 559
2 301
3 606
7 699
5 772
2 600
7 303
3 834
2 320
6 982
7 614
2 615
6 1
3 742
3 476
3 959
4 22
4 757
0 832
4 827
4 269
4 167
1 771
4 839
5 867
1 178
1 45
6 995
1 904
4 602
1 61
3 768
5 173
5 415
2 686
3 314
1 22
2 880
7 538
6 886
0 245
2 239
3 209
1 40
2 28
1 494
6 555
1 524
3 139
1 438
0 534
4 133
5 937
4 702
4 436
1 234
1 356
6 323
4 412
1 679
5 358
2 882
7 787
7 995
1 50
0 456
5 538
3 493
3 306
7 655
1 136
4 424
4 67
7 410
2 816
6 272
3 967
3 440
3 266
4 386
2 221
7 253
2 784
2 938
2 293
5 833
2 187
6 274
4 710
6 86
6 126
6 700
5 217
3 201
3 928
5 504
5 781
5 612
7 559
4 8
1 849
4 634
4 803
1 643
1 296
7 391
4 439
1 221
6 937
1 844
4 713
6 719
3 161
0 412
4 234
3 573
7 613
1 824
3 171
3 282
2 196
3 946
7 470
7 644
1 293
6 976
7 541
7 853
1 27
5 423
4 389
2 401
1 259
6 123
6 44
0 602
4 784
6 579
0 68
1 365
5 417
6 720
5 37
0 13
5 542
3 381
6 137
5 285
1 711
3 179
5 519
7 699
7 682
6 909
2 855
0 111
7 967
4 582
4 756
2 772
2 385
2 581
3 640
0 623
3 628
3 459
7 936
2 154
7 790
5 720
0 41
0 621
3 367
4 365
1 503
0 774
4 995
4 115
2 575
3 988
7 893
6 54
0 958
4 152
1 975
0 97
6 761
0 24
5 626
1 956
3 231
2 370
5 439
6 862
2 575
5 921
7 650
0 3
3 239
6 709
6 84
5 230
6 877
7 326
2 348
3 984
2 365
4 157
4 543
7 522
3 574
0 644
7 474
1 185
6 506
7 927
5 52
1 436
2 116
0 136
1 397
2 395
0 179
3 919
1 276
3 898
6 589
7 427
4 541
7 129
0 210
7 638
3 566
2 248
1 189
2 498
5 858
5 53
4 149
2 816
2 117
2 629
0 608
5 474
3 373
7 549
3 11
1 550
7 614
4 315
5 536
2 94
3 410
0 487
0 823
5 690
7 722
3 351
1 79
4 184
5 780
0 740
2 921
7 425
5 441
1 43
2 906
5 427
3 989
5 229
7 923
5 106
1 942
5 328
1 635
7 826
6 598
7 911
1 208
2 759
2 78
0 683
7 644
2 653
2 378
5 799
1 505
7 298
3 714
5 821
7 492
2 117
4 213
5 314
1 365
3 775
3 579
0 132
1 922
4 562
1 724
5 953
3 618
4 381
2 230
2 386
7 849
6 517
7 883
1 539
3 904
3 748
0 126
0 411
5 370
6 700
5 334
0 675
0 256
7 341
7 610
3 561
6 582
1 225
5 261
5 418
7 432
6 353
4 399
1 958
2 738
0 215
3 15
7 729
6 651
6 110
0 501
3 73
3 454
4 900
7 768
0 233
2 838
5 110
4 351
1 711
6 782
5 865
2 873
5 420
3 368
5 139
4 907
1 304
5 863
7 429
7 228
2 183
5 953
0 7
6 417
7 97
3 349
6 996
1 909
6 99
6 948
7 499
4 803
2 568
6 361
5 2
1 365
6 359
6 183
0 975
0 437
2 800
4 387
1 712
4 213
1 279
2 754
5 720
1 934
7 576
2 343
4 588
3 115
2 378
1 314
7 899
3 130
5 593
1 847
5 166
5 821
0 278
7 576
6 485
5 344
7 510
2 991
3 747
5 46
0 757
0 183
1 167
0 59
3 830
5 769
7 672
6 794
2 871
4 653
5 585
7 770
1 36
7 545
7 220
2 261
4 7
6 338
6 757
3 638
0 9
1 288
3 55
6 983
5 157
6 634
4 338
7 189
7 518
2 158
3 30
6 420
7 215
4 916
3 861
6 912
0 667
2 903
6 339
1 0
2 227
6 943
5 391
5 941
3 572
2 999
4 223
6 344
5 531
0 763
3 168
3 614
5 579
7 557
5 755
7 768
7 895
6 901
2 548
0 547
3 645
4 427
3 319
2 659
6 32
0 946
0 449
4 387
0 429
0 299
3 205
5 871
4 483
7 739
7 318
4 504
3 834
1 184
3 54
7 707
5 265
2 991
3 917
2 447
2 27
1 234
2 518
1 686
1 582
5 384
0 712
2 217
1 523
2 403
6 245
6 369
0 467
0 929
0 443
7 434
5 474
0 56
6 831
5 345
2 519
0 666
3 322
6 834
6 637
2 776
1 52
0 744
1 209
5 608
3 401
4 124
4 416
7 220
6 626
1 12
7 0
2 81
4 914
7 520
0 506
6 785
2 793
3 134
7 907
5 8
4 490
2 889
5 368
2 505
5 27
3 491
5 900
7 702
6 841
3 70
0 871
0 609
0 90
5 371
3 839
1 10
3 567
7 587
4 9
4 929
5 313
6 768
6 994
3 733
3 44
3 886
7 11
5 932
7 591
6 451
5 35
2 463
2 361
2 890
3 846
0 110
6 240
2 726
3 700
1 125
3 614
2 660
0 859
2 727
2 248
3 585
0 640
1 589
7 803
1 723
1 651
3 513
7 416
4 182
3 402
1 861
2 319
2 643
2 818
2 332
5 901
5 405
3 670
1 246
1 826
5 826
4 506
2 73
7 283
6 391
4 914
1 55
2 478
1 115
0 772
1 419
1 69
3 918
4 172
6 916
7 485
0 180
5 787
6 618
1 860
6 108
3 614
4 8
3 213
2 445
1 923
1 11
2 690
6 436
1 446
4 212
0 448
3 980
6 645
1 9
6 608
6 632
0 633
7 370
0 467
7 537
4 681
3 88
4 182
5 233
5 877
5 265
5 190
3 264
2 195
3 45
5 744
1 81
4 669
0 280
1 268
5 879
7 70
4 320
1 492
1 233
2 702
4 399
7 447
3 432
5 289
1 150
0 154
7 115
3 36
0 959
7 565
3 605
5 158
2 887
1 182
4 372
3 323
3 129
1 786
4 118
4 390
0 813
0 204
0 719
6 676
1 896
5 221
4 876
3 778
0 382
2 588
0 197
6 229
0 739
1 591
5 796
1 829
2 877
4 538
6 626
3 978
0 807
3 376
3 284
2 150
3 115
0 125
2 355
6 342
5 722
6 303
4 618
7 480
2 518
1 795
6 936
7 20
4 30
2 778
0 551
3 684
1 19
6 35
2 516
6 820
3 15
2 461
5 256
6 481
5 311
7 271
3 755
1 990
0 40
7 451
7 48
4 314
6 297
5 794
7 432
7 755
0 738
2 433
3 157
4 473
0 896
3 67
1 740
4 140
7 177
2 427
6 78
7 646
0 444
4 892
0 407
2 675
5 216
6 844
5 376
0 194
6 118
2 275
7 671
1 342
1 358
4 779
1 215
3 868
0 569
1 239
3 760
1 475
7 376
0 703
1 693
3 376
3 159
7 21
3 770
0 32
3 836
4 620
0 940
5 415
7 249
1 838
1 922
2 338
1 337
6 754
2 291
2 193
6 837
7 633
1 281
5 439
3 828
0 873
1 900
5 630
4 648
2 862
1 486
7 572
6 594
5 557
6 512
5 688
1 668
5 308
3 339
7 770
4 510
2 640
6 637
5 263
6 442
0 559
3 31
1 455
4 513
1 215
7 114
6 374
2 576
3 435
6 133
3 787
3 554
7 758
5 401
3 180
3 499
2 124
3 574
7 860
3 944
2 464
6 330
2 545
4 872
5 526
1 538
4 352
6 444
5 635
7 484
7 392
4 258
0 218
6 800
0 623
7 505
3 506
3 277
5 445
3 88
2 858
3 636
0 71
2 673
5 629
6 226
4 493
7 890
2 21
4 789
6 138
5 84
1 481
6 400
0 863
1 250
6 467
2 284
6 671
4 948
6 467
0 26
5 363
0 671
4 311
2 380
0 458
3 447
7 530
1 218
4 40
3 466
7 58
1 397
1 61
0 734
0 224
3 841
0 381
5 971
7 677
7 143
6 872
2 779
5 789
5 147
5 169
3 688
5 68
1 309
3 135
7 362
3 507
1 946
5 67
0 934
5 324
4 584
3 19
0 598
1 64
1 990
6 63
3 812
1 116
3 613
7 220
0 962
4 882
5 969
7 881
5 398
6 332
7 402
0 401
1 511
5 450
1 50
6 532
0 996
1 40
4 603
5 288
2 340
5 177
2 472
6 916
0 263
1 908
5 599
7 722
4 126
0 964
0 37
1 742
6 848
3 995
3 395
7 368
1 806
6 397
1 307
3 852
0 914
1 940
6 421
3 328
5 186
7 75
1 493
6 609
4 952
3 145
2 239
5 434
7 763
7 27
7 849
3 346
6 343
4 980
5 301
7 15
2 306
7 63
0 260
4 493
7 628
3 559
1 857
4 265
4 177
2 395
5 876
3 141
1 380
1 688
7 782
0 872
7 146
6 888
5 311
3 970
1 372
5 511
0 874
3 202
5 772
0 781
2 691
7 572
4 396
2 456
0 315
5 267
3 968
7 219
5 888
5 923
2 70
1 490
4 914
6 52
2 642
5 687
3 108
0 756
4 519
2 683
6 892
4 0
3 457
1 196
7 761
7 310
1 905
3 832
5 845
7 857
0 71
3 524
0 803
2 36
7 492
1 213
5 373
6 949
1 784
1 231
6 616
1 433
1 695
4 44
6 502
5 732
0 798
2 105
5 889
5 980
1 564
1 470
4 758
7 823
6 269
6 792
1 596
3 111
4 843
1 184
4 762
0 919
0 524
5 218
7 517
1 499
1 96
7 722
1 93
3 102
6 599
4 953
0 472
3 839
7 924
6 660
3 643
0 303
1 955
0 285
0 424
1 257
3 106
7 728
6 228
4 266
3 428
4 728
7 988
0 567
4 295
2 303
6 159
3 458
0 831
0 643
5 880
2 481
1 584
5 890
4 743
3 993
1 80
4 424
7 640
7 332
3 571
3 226
4 297
1 550
1 780
5 89
2 798
7 999
1 483
2 548
5 102
6 101
5 614
6 602
6 869
0 542
0 626
3 523
1 804
1 404
5 971
1 598
5 767
2 152
4 191
5 180
2 593
7 179
5 159
4 166
4 419
5 821
0 180
0 321
5 122
5 921
7 275
2 862
7 469
4 997
1 419
5 657
4 163
3 276
2 969
4 703
4 854
2 138
3 573
7 723
4 888
3 788
2 516
1 910
3 721
5 997
6 788
0 210
6 194
3 979
2 281
7 255
1 911
4 874
5 556
5 531
7 945
5 312
6 673
3 446
3 481
6 888
2 153
3 926
1 936
1 862
6 939
2 409
3 215
4 686
1 584
1 921
1 888
2 991
5 808
1 309
5 937
2 263
5 999
7 790
4 94
2 857
2 474
2 236
3 253
5 166
7 492
5 366
5 672
0 295
4 499
4 122
1 505
0 878
4 575
5 495
0 673
3 407
4 322
7 541
3 919
3 412
3 146
3 144
7 840
3 651
5 747
4 127
6 863
6 812
4 674
3 811
3 12
7 847
4 215
6 262
3 448
2 897
2 806
6 117
1 185
5 338
1 246
5 241
6 823
2 251
7 714
6 549
4 634
1 765
4 489
1 335
0 55
5 235
1 978
4 211
5 826
0 153
2 719
6 534
1 152
2 744
6 200
2 297
6 394
3 387
2 794
1 524
0 659
5 414
2 817
3 505
2 527
6 715
1 757
5 141
5 739
3 480
1 531
6 478
1 543
2 513
6 940
7 891
2 150
7 588
6 636
3 610
5 456
5 762
7 631
2 827
3 140
0 661
3 436
3 302
7 357
1 21
1 205
3 896
4 923
7 674
4 282
3 74
4 666
1 8
3 443
0 19
0 494
2 312
6 524
1 614
3 781
3 178
2 252
7 694
1 262
1 438
1 357
7 340
4 53
1 672
3 184
6 137
1 76
0 313
7 415
4 481
3 914
7 887
6 789
3 694
5 303
4 300
0 998
3 388
4 341
5 252
5 104
4 555
4 190
5 132
5 147
6 858
1 976
5 229
3 679
6 520
5 760
6 347
7 165
2 514
6 147
3 383
3 860
2 135
3 511
3 712
2 584
0 721
6 667
3 29
6 929
2 33
4 75
0 800
2 819
7 99
2 433
5 274
2 125
5 47
7 29
6 296
1 329
5 878
4 23
0 48
1 810
5 642
3 166
1 829
0 461
6 8
3 115
0 891
3 45
2 229
5 698
4 392
7 598
5 729
1 179
5 574
0 210
0 578
7 363
1 66
2 40
3 71
3 709
2 99
1 902
0 181
5 910
5 684
5 196
7 130
0 894
1 68
6 273
4 185
3 758
6 813
5 30
3 657
4 200
6 494
3 789
4 758
3 304
5 209
3 208
7 580
1 396
5 560
1 647
5 9
7 701
3 555
4 412
4 470
4 321
6 418
0 695
0 162
3 619
4 853
1 63
3 283
3 434
2 832
1 292
1 839
3 368
4 724
3 311
0 744
2 863
7 447
1 691
6 911
4 981
4 842
5 549
0 207
7 672
5 418
1 232
1 958
3 356
4 733
6 230
5 4
3 992
3 356
3 61
2 346
4 383
5 790
5 666
2 269
7 740
4 655
6 648
5 925
3 649
7 377
5 489
1 676
1 185
6 517
7 652
4 992
6 403
5 321
6 483
7 760
7 629
5 547
1 381
6 986
3 836
5 613
2 97
2 510
3 27
7 232
0 242
6 67
4 62
1 67
3 682
7 120
3 595
0 293
7 844
0 711
4 995
4 61
4 966
1 78
6 951
2 25
4 238
4 544
3 833
3 197
5 791
2 531
0 688
5 66
1 103
2 917
3 454
4 894
4 903
6 118
7 986
0 752
0 939
4 876
1 260
3 992
3 742
7 493
7 347
2 668
1 689
7 253
3 916
3 267
1 472
2 378
2 232
4 35
7 131
7 296
0 337
7 146
7 163
6 214
2 902
7 665
6 820
0 438
2 769
1 260
6 795
4 52
7 120
3 904
0 702
7 994
4 841
4 471
5 483
2 867
4 920
4 329
0 802
3 180
0 178
5 165
1 78
7 705
1 8
6 802
5 810
3 750
5 641
5 359
2 610
2 215
0 758
0 974
3 16
2 484
1 595
2 520
1 570
2 225
3 835
5 640
6 528
2 352
7 315
6 351
6 938
0 512
7 814
7 961
5 642
5 377
1 798
0 615
0 475
6 650
2 572
4 659
3 33
4 326
5 74
4 330
3 595
2 413
6 330
4 593
2 523
1 265
1 572
7 393
3 425
5 61
0 685
6 802
0 83
5 771
5 158
1 522
7 296
2 515
4 661
0 654
0 783
3 209
2 153
2 754
7 997
2 280
2 887
2 753
4 914
0 831
1 329
2 826
5 640
5 956
3 802
1 189
6 531
4 292
6 704
5 966
6 861
4 88
1 680
3 422
5 69
6 19
5 959
7 728
5 891
5 605
2 648
3 630
2 545
1 567
5 968
5 655
7 132
4 281
7 936
5 111
3 308
3 107
4 680
3 219
0 873
1 616
6 970
3 404
3 520
0 469
4 856
4 21
6 219
3 857
0 709
2 864
3 451
4 989
0 511
0 55
0 736
3 961
5 270
7 926
3 688
1 631
5 575
2 237
6 659
1 653
5 415
2 443
0 545
0 702
6 993
1 497
2 134
4 140
3 824
0 547
3 166
6 409
7 536
3 240
6 445
4 620
7 115
4 431
5 848
1 69
6 595
1 922
7 24
0 838
1 482
0 713
2 268
4 94
7 825
7 704
4 229
0 483
2 740
4 357
2 400
3 429
7 696
0 429
3 118
0 273
2 356
1 953
7 164
6 781
5 382
3 613
0 162
6 12
1 11
3 490
7 499
3 110
3 974
5 619
4 510
3 45
6 582
3 492
1 398
4 441
6 111
1 448
4 150
1 527
1 181
0 276
3 288
6 227
6 630
5 707
1 443
1 360
4 455
5 828
5 829
4 338
2 323
2 565
4 246
3 339
0 461
5 459
6 707
1 364
7 588
7 182
6 528
0 761
5 746
0 541
7 211
6 868
2 17
7 712
4 878
4 394
5 372
7 441
5 243
0 120
7 229
5 215
0 197
0 93
3 270
1 520
4 218
4 367
0 174
5 203
6 836
0 745
2 803
7 991
7 344
5 231
6 766
4 330
0 127
5 260
4 115
5 582
5 520
7 273
5 733
1 452
5 779
6 777
0 735
7 333
4 232
6 4
7 715
2 18
6 815
2 943
5 410
3 615
1 826
0 330
6 70
1 129
3 331
2 783
5 379
3 850
6 385
4 314
4 541
4 294
5 963
5 638
6 114
5 8
2 847
5 501
6 472
3 766
5 241
5 926
0 722
4 584
2 982
4 560
7 935
2 584
7 796
7 975
0 181
4 852
1 26
3 297
7 687
1 358
4 668
7 902
6 412
3 851
3 89
0 623
7 970
7 626
1 486
3 30
2 937
4 47
0 939
2 167
5 111
4 907
1 162
6 171
6 648
1 673
0 785
4 113
3 560
6 875
1 692
6 66
1 491
6 650
1 810
1 56
4 694
0 701
0 773
5 135
0 246
0 510
7 809
1 140
7 714
7 767
1 624
3 93
7 299
5 545
1 912
6 382
4 917
3 167
6 660
3 816
7 814
7 643
7 654
1 696
0 150
6 480
5 649
4 241
2 316
4 409
0 739
1 186
1 580
0 404
4 359
6 851
6 251
2 853
6 629
3 627
3 718
7 257
2 32
4 20
5 636
0 280
2 925
1 737
5 876
3 450
5 713
5 113
7 796
1 871
2 869
3 909
6 957
5 306
6 17
5 393
1 460
1 381
6 843
7 243
5 611
5 307
4 346
6 290
1 387
0 272
5 363
0 195
6 699
4 13
6 532
0 74
7 431
2 730
5 926
1 346
5 370
4 862
0 425
5 211
3 17
4 773
1 16
3 404
1 823
3 136
2 175
6 52
6 17
7 233
3 459
5 481
7 584
1 545
4 200
1 174
4 943
7 950
2 269
4 379
3 124
3 151
3 429
6 258
3 337
4 390
7 774
6 625
3 566
6 367
6 983
7 336
6 842
7 238
1 344
4 907
2 836
1 472
2 614
7 712
6 925
3 100
5 677
3 409
0 600
0 714
2 22
0 863
5 392
0 679
2 423
3 909
5 997
3 877
5 463
4 914
6 395
0 439
0 444
4 19
5 976
7 332
3 487
7 215
7 1
0 968
5 833
6 387
0 610
1 793
4 557
0 813
4 426
6 728
4 452
4 267
7 833
1 779
3 147
4 552
0 594
3 924
7 749
7 962
3 928
5 784
5 167
2 790
6 201
5 464
3 618
4 434
5 683
6 125
5 912
2 330
6 550
3 286
0 269
5 659
3 355
3 387
1 745
2 117
5 47
2 952
2 665
4 470
3 303
0 530
4 624
6 722
0 818
7 826
5 960
4 989
0 632
1 191
4 905
0 324
4 241
2 322
0 366
5 958
0 91
4 885
0 52
6 242
4 320
1 310
3 905
2 949
4 675
4 267
7 800
1 236
7 571
1 652
2 55
3 959
4 803
7 567
1 508
5 78
4 230
7 814
3 39
2 377
5 255
7 998
2 588
0 800
4 497
1 449
0 767
2 52
3 309
1 129
7 780
2 998
4 947
2 850
3 279
6 756
2 224
5 293
6 693
6 677
6 898
1 95
3 591
4 939
5 470
3 69
4 628
0 965
7 584
0 266
7 747
3 750
4 129
6 488
5 490
4 717
4 996
3 406
1 664
6 487
4 766
3 385
7 328
1 323
5 518
1 129
7 964
6 941
5 627
5 972
1 299
7 858
0 854
6 882
1 961
0 652
6 277
6 475
6 93
3 871
0 91
0 581
2 231
3 206
2 655
2 328
2 868
2 249
3 802
4 240
4 852
2 196
7 634
7 440
7 173
0 43
0 663
6 24
6 498
1 457
2 761
5 460
5 972
7 703
7 193
5 243
7 539
6 231
7 814
3 605
0 334
5 603
4 976
2 596
5 562
3 332
0 191
4 304
7 853
6 643
6 302
2 444
3 29
3 720
5 699
1 182
1 678
6 735
3 117
0 481
5 440
0 355
4 957
2 500
7 667
2 857
5 381
2 164
4 680
3 605
3 561
7 117
4 924
2 894
7 887
7 74
5 892
1 311
3 441
5 659
4 306
7 783
3 521
2 801
6 183
0 285
2 545
6 336
6 606
5 864
2 661
1 525
4 71
1 402
5 352
2 974
5 282
3 50
3 56
7 709
3 610
3 687
7 749
4 329
1 957
2 553
6 835
3 523
5 619
3 772
2 339
5 981
7 207
7 776
6 235
5 206
5 833
6 704
2 269
2 290
4 579
7 549
0 626
5 674
6 350
1 920
6 896
7 14
6 285
0 70
4 628
5 717
6 521
6 748
6 808
3 721
6 938
5 506
4 46
4 514
3 330
2 789
3 689
6 33
7 946
6 847
4 83
5 740
0 690
2 99
4 230
1 590
0 794
1 86
0 629
7 589
3 739
4 538
3 534
0 755
2 379
6 407
3 870
1 419
7 339
1 763
1 691
6 442
0 802
7 679
4 185
4 94
0 999
6 705
4 556
7 366
5 766
4 749
1 624
3 901
1 40
3 589
7 722
4 217
0 264
1 11
2 517
4 725
6 90
6 754
1 594
0 285
3 598
7 701
2 556
4 890
7 971
6 679
1 215
7 274
6 145
6 280
5 744
2 883
5 788
6 833
6 110
5 95
4 505
5 284
6 102
2 361
1 358
5 472
2 290
3 52
4 736
0 802
5 689
5 315
4 674
1 212
3 618
4 494
2 807
5 889
3 656
6 687
7 644
6 587
7 610
2 425
3 675
5 827
6 264
3 546
6 642
4 76
2 769
0 88
2 404
4 838
5 933
1 427
6 37
7 215
0 358
1 345
4 220
4 102
1 18
4 127
3 463
1 625
1 477
1 513
7 395
0 294
1 229
2 257
0 439
5 617
2 465
5 535
5 839
1 521
1 990
6 222
7 556
2 39
0 912
4 619
1 608
5 988
6 986
2 807
0 70
7 927
6 442
1 924
6 452
2 843
1 799
3 600
7 912
0 741
1 896
0 836
1 626
5 693
4 423
5 743
6 980
6 733
1 485
1 56
3 455
6 435
4 964
4 962
7 379
3 756
1 416
3 131
0 770
1 360
7 28
0 38
3 125
2 783
7 133
4 251
7 90
6 195
5 75
6 634
6 564
5 434
5 335
1 376
0 446
2 298
1 543
4 835
2 164
1 983
2 809
3 886
1 273
4 657
3 942
2 507
5 33
1 839
7 210
0 826
5 655
6 483
6 518
2 219
2 640
1 980
2 140
6 52
5 3
1 466
5 704
1 803
3 970
5 458
5 562
2 189
0 114
0 120
3 46
6 666
6 245
2 191
3 216
3 152
2 656
0 516
0 648
2 450
4 19
5 503
5 897
3 503
0 69
4 995
6 315
1 154
2 12
5 299
3 941
6 152
5 125
5 310
0 693
0 96
7 21
6 645
5 292
2 282
5 125
0 830
0 643
0 353
4 34
0 237
5 807
5 278
4 762
7 410
2 701
2 519
5 106
6 992
2 666
7 464
6 256
3 583
1 983
1 907
0 293
5 697
7 238
0 738
4 268
1 808
7 655
1 43
3 196
6 511
0 14
6 357
5 974
5 521
5 582
3 679
0 629
3 680
2 704
4 220
4 567
6 293
0 411
0 335
6 75
1 174
4 526
5 63
1 177
7 162
1 70
3 986
3 218
2 919
3 437
4 246
3 871
2 578
1 579
6 242
1 112
6 800
7 301
6 843
6 152
6 589
7 199
1 922
1 946
0 43
1 332
3 740
7 884
7 837
0 232
0 470
6 201
6 39
2 485
6 332
1 240
0 212
6 552
3 561
5 327
3 235
7 950
3 214
4 646
7 650
0 836
5 279
6 94
4 891
7 553
1 570
6 200
0 937
3 621
4 603
6 160
6 960
6 518
4 297
4 282
6 99
3 772
3 507
6 49
2 799
1 325
5 100
5 855
4 630
1 240
0 777
1 776
6 215
0 263
2 162
6 812
1 16
4 993
2 804
3 626
0 997
1 676
3 181
3 486
7 8
1 749
5 831
6 874
1 523
5 911
3 387
4 651
4 12
0 632
2 687
4 771
7 266
0 133
3 331
3 963
0 346
2 828
6 941
0 576
7 543
3 502
1 915
7 39
7 150
5 96
3 985
4 225
6 19
6 404
7 977
4 393
5 432
5 206
6 275
2 190
4 622
1 101
4 549
3 464
0 515
5 240
1 484
7 105
5 175
1 205
6 876
4 181
3 171
6 386
0 521
7 616
6 972
1 32
1 562
6 925
5 761
5 931
4 983
6 100
1 897
5 663
4 607
2 786
4 583
1 576
1 452
0 600
1 263
1 1
6 482
3 607
2 92
3 193
5 926
7 585
1 303
6 949
7 445
5 41
1 611
7 486
6 162
1 543
0 423
1 955
2 471
3 205
6 453
3 342
7 395
2 555
0 880
6 313
2 943
2 59
1 323
6 321
0 335
7 967
2 760
7 368
5 189
2 498
0 323
7 373
0 472
0 769
2 136
7 382
1 788
0 985
2 690
2 654
5 522
3 489
1 896
5 514
5 783
2 431
4 557
5 177
3 437
5 86
4 381
2 5
6 614
0 338
0 297
3 386
3 965
5 454
1 437
4 650
1 686
3 30
0 590
3 625
7 507
0 952
5 883
1 114
4 300
5 858
4 796
2 120
7 472
5 327
2 248
6 833
7 763
1 177
2 71
2 84
5 217
5 523
5 698
6 302
0 442
6 299
4 757
5 704
0 347
3 842
3 714
5 881
2 538
2 887
3 565
6 892
7 360
3 587
2 405
7 409
5 402
7 437
6 481
4 740
6 526
0 127
0 609
4 773
4 418
7 110
2 632
0 118
1 122
7 403
5 947
6 78
3 874
3 213
2 9
7 239
6 888
2 831
5 374
0 998
4 617
1 128
6 166
0 946
5 655
3 519
5 866
4 657
6 465
2 151
6 176
1 714
1 756
2 267
1 502
0 627
3 77
3 425
3 57
0 236
3 425
3 19
4 705
2 88
7 251
3 348
6 982
2 196
7 312
6 925
0 432
5 638
0 11
4 457
5 787
4 484
0 152
1 560
0 884
7 731
0 591
5 267
7 846
6 16
5 279
7 325
3 845
0 925
6 379
7 628
0 779
3 83
3 320
5 493
0 643
3 44
7 656
7 160
0 775
6 661
2 117
2 821
2 302
1 522
6 832
3 200
4 615
7 247
4 279
3 492
1 316
5 510
6 848
7 180
1 847
4 381
3 532
2 631
1 301
6 867
4 656
7 801
0 56
7 558
3 492
1 962
0 588
4 486
2 495
6 764
1 211
7 10
1 52
2 929
5 851
3 192
1 217
1 130
0 394
6 312
3 91
7 47
5 747
2 820
0 903
3 936
3 433
6 210
4 644
7 192
0 289
2 354
4 81
3 483
3 525
0 66
1 70
2 648
4 351
6 412
5 404
5 73
4 352
4 323
3 776
1 844
6 955
5 923
6 35
0 216
2 201
0 528
0 748
3 442
6 644
0 409
3 907
3 238
1 471
7 960
4 781
0 664
3 354
5 125
6 697
2 301
6 976
4 874
4 6
3 879
1 875
6 403
1 124
3 746
2 555
0 194
2 862
0 776
6 501
6 958
3 948
4 448
3 441
0 353
0 343
2 155
6 873
5 705
3 552
3 296
2 861
3 147
3 52
1 291
1 177
5 103
0 213
6 402
3 579
2 806
1 339
5 845
6 872
0 562
3 353
6 883
6 701
2 289
4 305
3 11
3 534
3 960
2 723
6 753
0 469
1 928
5 225
1 374
0 323
4 225
4 499
1 594
3 490
4 11
6 168
6 631
7 841
4 801
2 306
7 218
3 818
4 936
6 272
4 845
7 303
2 976
3 531
6 707
6 510
6 522
1 93
6 732
5 448
2 499
5 792
2 882
2 568
1 6
4 833
0 789
5 275
6 290
6 392
7 884
6 716
1 933
2 263
0 96
3 903
7 818
4 16
1 10
0 223
0 778
7 572
7 544
2 36
5 358
2 184
5 684
1 1
0 414
6 987
3 976
3 457
2 290
4 199
6 763
5 669
1 830
6 812
0 441
7 913
1 629
1 393
2 702
5 635
6 659
3 627
5 217
4 134
6 263
2 160
5 108
3 271
3 423
0 665
2 283
1 15
0 28
2 930
5 155
6 199
3 540
5 153
0 616
7 617
2 326
2 257
0 311
6 725
7 611
6 950
5 673
5 511
2 78
1 784
7 711
3 751
0 162
2 713
2 896
6 9
2 812
4 361
6 146
5 210
1 181
7 708
3 182
4 260
4 365
5 845
4 380
6 32
1 853
5 25
2 780
0 676
5 653
7 68
7 827
1 613
1 144
6 568
4 892
2 291
0 225
5 39
7 85
2 851
4 873
5 391
3 263
4 597
2 808
4 419
0 1
1 997
5 705
6 175
2 745
2 208
7 955
0 575
3 374
7 682
1 655
6 900
2 845
5 538
6 220
5 641
6 694
0 718
5 555
5 998
6 712
3 271
7 509
3 59
5 978
1 131
7 870
3 904
2 233
5 73
2 752
7 378
0 705
4 199
5 694
6 561
1 107
0 425
4 384
2 499
6 929
7 347
3 366
7 867
4 46
6 757
7 654
7 597
4 936
6 620
5 345
4 388
5 70
6 772
0 649
2 168
4 606
4 729
4 119
5 924
1 536
7 316
1 872
0 902
2 62
7 142
2 760
6 564
0 47
0 637
5 960
7 626
4 673
1 891
7 952
1 662
2 552
1 384
6 948
2 585
0 161
1 769
5 610
2 751
4 22
6 706
5 546
3 901
1 393
1 68
3 312
1 538
2 765
1 290
3 561
2 75
5 307
6 995
2 882
0 928
2 839
1 591
4 23
0 660
1 637
6 114
4 164
1 167
1 279
0 995
6 36
0 914
5 267
6 614
6 359
6 758
5 880
0 287
4 194
7 672
2 381
1 485
4 495
6 826
5 813
2 614
0 244
7 898
0 141
4 365
4 758
6 51
2 825
3 894
7 990
3 555
0 57
0 268
7 45
2 678
4 620
0 412
6 524
1 80
5 174
4 518
1 273
3 923
1 611
2 470
1 88
2 677
2 418
7 50
1 393
5 25
6 373
2 230
6 100
3 915
1 459
5 911
2 354
6 832
6 4
4 624
5 680
2 590
1 247
0 913
2 722
7 358
4 728
5 345
5 602
5 808
7 46
1 794
2 906
6 423
7 985
1 354
1 700
4 115
4 290
4 292
2 318
7 459
5 590
0 228
4 770
0 606
0 459
5 921
0 731
4 627
6 95
4 733
0 631
1 96
4 228
2 285
0 391
5 593
5 253
7 878
4 913
5 544
1 236
7 90
6 514
1 387
0 52
3 757
5 320
4 956
1 594
1 95
0 689
7 22
4 566
7 22
6 384
5 852
7 736
2 940
0 13
1 211
1 800
1 100
0 174
0 21
4 1
2 809
0 509
3 337
0 84
5 554
7 278
6 442
6 54
3 616
4 414
7 484
0 501
3 688
5 344
1 500
5 178
7 387
5 493
2 762
4 437
3 399
1 427
1 730
2 927
6 252
0 878
3 909
5 24
0 759
3 658
4 417
5 272
6 875
5 882
7 48
7 658
5 386
4 992
7 271
3 167
5 613
2 612
4 129
0 471
2 709
6 851
3 318
2 283
5 241
1 535
1 188
7 440
0 983
6 395
2 704
5 129
5 312
1 840
7 434
7 681
4 793
0 621
1 7
1 10
1 774
3 890
3 443
2 890
5 763
3 384
1 552
0 137
1 959
1 305
2 992
2 888
5 222
5 602
4 766
5 830
1 861
0 856
2 404
7 82
2 383
7 339
4 684
3 799
0 157
5 740
4 146
0 639
1 841
0 950
4 557
3 501
5 853
1 723
6 455
6 777
4 976
4 478
5 944
5 359
3 86
0 954
2 79
1 305
7 539
1 233
6 387
1 516
7 795
2 498
3 749
6 792
6 743
7 442
2 900
2 492
7 901
5 922
3 745
4 606
7 834
6 733
1 277
0 463
1 193
6 26
2 941
4 724
7 441
5 428
0 969
6 383
1 71
0 555
1 237
7 805
2 704
5 645
4 844
5 405
7 774
3 683
0 602
3 455
3 927
0 88
7 156
3 470
2 480
5 396
1 891
4 141
2 795
7 281
7 599
5 28
0 822
0 792
7 824
7 819
3 483
7 351
5 434
3 218
6 199
3 984
5 871
3 391
0 264
7 306
7 63
6 588
4 751
7 662
2 331
6 678
5 445
0 509
0 850
2 147
3 46
6 845
4 609
1 585
3 964
4 88
4 930
1 618
0 760
3 608
6 466
0 962
7 667
6 792
3 551
6 624
5 422
7 868
5 409
5 256
0 400
3 105
3 372
4 364
5 356
6 928
2 611
7 734
6 713
1 853
5 169
0 215
3 298
3 975
0 240
0 784
2 928
5 323
0 317
1 137
1 13
0 496
6 307
5 959
4 813
6 638
5 641
3 278
6 288
0 350
7 190
6 520
4 729
6 123
5 884
1 72
0 326
2 577
1 854
3 359
5 701
7 354
0 850
2 634
1 238
4 18
2 824
1 251
6 86
2 303
7 635
2 571
5 647
6 300
3 686
3 521
3 8
2 82
5 508
2 700
6 406
6 879
2 960
7 487
6 856
4 369
5 870
5 158
2 442
0 19
5 821
5 219
6 768
4 39
3 723
1 727
6 809
1 63
6 440
0 168
2 396
2 492
2 831
1 784
3 812
1 105
4 400
1 166
5 978
5 797
4 648
1 182
5 834
2 579
3 851
0 275
7 989
4 514
2 122
6 797
6 158
6 272
6 579
5 727
5 996
4 259
1 401
4 454
1 743
2 862
1 484
2 842
5 609
3 350
4 711
5 17
1 754
5 780
3 728
4 891
6 736
2 720
6 647
6 78
4 559
4 985
3 782
7 574
4 240
0 122
3 776
3 173
1 781
5 864
3 165
5 585
1 961
1 391
5 832
7 999
0 762
0 491
1 516
4 935
1 694
6 60
2 900
1 1
2 539
0 542
7 677
7 958
5 137
1 248
7 171
5 416
4 936
4 829
4 325
3 912
5 525
1 842
3 559
2 459
1 765
3 507
1 833
2 434
2 166
1 291
3 281
1 270
3 967
5 21
6 567
4 16
2 259
2 222
1 406
3 620
7 34
3 966
0 944
7 189
0 434
4 800
7 540
3 285
3 874
2 856
1 945
4 886
4 435
1 78
2 141
0 365
3 530
2 747
1 436
6 937
2 769
5 290
0 161
3 873
1 587
4 181
4 954
6 792
6 528
6 583
4 920
2 550
1 984
4 277
6 586
4 994
5 304
1 369
2 213
0 205
2 972
6 388
4 806
7 668
4 50
2 709
3 904
0 773
2 908
7 364
7 616
1 203
4 996
1 90
7 167
3 713
5 386
0 769
6 633
3 231
4 746
2 357
2 903
4 243
7 532
5 11
6 318
2 422
0 490
1 875
4 512
2 500
6 393
2 794
2 764
6 765
3 22
6 512
3 605
2 442
5 715
1 639
5 371
5 700
7 277
5 223
3 516
5 391
2 345
5 640
5 916
2 619
4 880
6 216
2 591
2 680
7 815
2 692
0 84
1 752
7 319
3 855
6 698
4 449
1 784
4 857
5 198
7 991
7 313
0 621
5 570
1 563
7 972
0 276
4 351
6 121
0 3
5 210
3 927
7 801
3 804
2 468
3 488
1 137
6 370
4 57
4 411
7 678
2 579
2 495
1 334
1 305
3 297
0 742
0 526
2 640
4 203
3 684
6 919
1 196
5 932
0 934
4 578
5 783
7 918
4 440
1 248
1 941
3 612
2 474
2 579
6 820
0 926
5 177
5 30
3 838
4 979
5 11
2 736
6 66
2 425
1 258
7 603
7 923
5 587
6 57
5 215
5 653
6 86
4 690
0 556
7 431
2 5
5 92
6 941
6 100
6 17
4 392
3 262
1 540
5 64
7 367
4 827
1 124
6 851
7 733
5 46
3 294
2 311
4 145
5 896
1 971
3 955
1 238
2 30
6 418
2 727
2 77
1 806
1 523
1 367
5 768
6 774
5 817
2 800
1 42
5 559
2 962
0 728
6 84
6 682
2 204
1 288
7 668
0 186
1 456
1 801
7 670
7 639
0 364
6 153
0 841
3 771
3 579
7 356
6 609
5 517
6 152
5 798
0 605
5 717
6 889
0 990
6 445
1 399
1 126
7 568
3 617
4 122
6 191
0 563
1 221
5 318
4 239
4 546
7 453
6 609
0 781
2 606
6 286
4 740
4 263
0 379
5 351
6 781
0 332
1 47
5 425
0 926
1 833
6 212
6 736
6 685
3 126
4 800
4 1
0 824
3 552
0 497
6 56
4 150
5 622
0 293
4 914
4 416
5 45
5 738
7 803
1 355
4 67
4 341
5 696
1 685
6 72
0 857
7 812
2 869
2 205
7 186
3 86
3 219
6 584
3 969
4 85
0 316
1 480
1 925
2 526
6 130
3 144
4 78
3 346
7 94
1 814
4 375
2 588
4 88
1 256
6 559
3 381
6 198
3 236
2 743
1 733
5 416
6 564
6 537
0 146
0 166
5 969
5 916
4 839
0 729
0 61
3 790
4 867
7 9
0 464
5 921
1 329
5 779
4 183
1 507
1 4
5 345
6 918
6 530
3 266
0 206
4 899
6 475
4 336
0 573
6 236
5 350
1 183
7 810
5 149
2 400
2 343
5 479
2 8
2 371
1 621
1 306
5 925
6 991
5 617
5 414
4 411
3 770
4 597
3 314
2 602
1 605
4 812
4 558
2 446
4 799
1 859
1 941
4 591
0 399
5 849
5 414
0 282
7 208
2 469
7 978
7 588
1 720
6 20
2 573
4 912
4 886
3 182
5 909
4 112
1 981
3 473
3 222
6 284
1 635
5 656
5 528
0 901
1 998
3 230
7 91
2 648
6 267
0 805
5 955
0 836
5 231
5 36
0 65
4 588
4 425
1 17
6 841
7 553
7 895
3 115
3 278
1 965
2 297
4 73
5 392
7 892
0 571
4 428
0 600
1 688
1 261
6 682
3 680
7 294
1 723
1 562
7 876
5 251
4 2
2 129
5 586
5 17
5 654
6 145
1 462
3 984
2 594
2 177
7 254
1 850
4 584
4 330
5 644
6 985
2 258
4 392
1 840
6 353
2 206
4 452
4 35
5 95
1 455
5 256
2 448
1 38
0 222
2 845
7 302
0 864
0 297
1 108
5 17
0 335
4 663
2 596
4 576
7 31
7 669
5 92
2 745
0 854
4 203
1 538
3 883
4 769
5 363
5 22
5 690
1 309
1 497
2 755
2 301
2 457
6 74
3 144
6 384
3 491
6 50
5 796
5 137
4 818
0 794
4 585
6 549
7 189
0 152
5 473
2 731
5 480
0 832
1 680
4 622
1 860
1 906
3 958
0 926
1 895
1 968
6 909
3 375
7 917
6 395
