614
615
69
229
997
993
995
499
451
499
499
471
471
759
743
231
165
167
679
167
163
187
923
923
987
921
923
987
339
401
691
699
923
859
923
923
987
663
897
897
931
803
803
807
551
545
561
701
573
831
567
561
565
565
631
885
629
566
566
567
566
821
823
815
45
61
505
507
499
486
486
870
870
511
511
503
351
351
91
123
55
55
423
935
831
815
943
931
947
951
951
951
823
823
951
695
703
911
799
823
818
819
629
597
628
886
886
894
894
383
381
349
895
895
479
863
503
375
469
989
511
373
509
425
427
939
971
1003
491
427
99
239
975
462
782
558
558
574
574
574
797
799
799
927
447
943
943
1005
1005
749
974
237
229
225
225
423
421
423
419
481
417
487
999
999
999
998
934
934
878
876
332
332
332
270
270
972
776
771
787
790
95
247
951
663
949
661
157
151
148
308
310
311
375
295
359
351
351
375
855
863
351
351
335
358
374
894
374
119
374
630
630
631
534
534
598
662
534
533
597
593
82
851
787
611
739
627
691
690
690
674
931
947
903
647
165
677
613
839
869
869
869
614
614
610
864
352
352
353
353
992
361
363
1003
1003
1003
809
940
940
431
431
495
767
703
695
759
1015
935
431
431
431
447
511
479
204
204
204
156
287
447
959
959
959
959
959
959
958
942
934
934
935
935
951
951
943
956
956
956
1022
446
314
50
174
174
190
446
430
446
191
446
430
460
460
462
975
991
927
959
1023
1023
943
1001
714
666
538
826
1018
946
1014
1010
1015
951
1011
1011
895
822
882
882
1011
978
971
962
833
873
879
876
876
870
868
868
880
880
882
818
818
946
946
1011
1011
499
507
379
379
875
890
1016
1016
1017
1019
955
1002
1006
1007
623
623
575
575
23
115
757
503
919
663
695
663
663
695
759
759
663
583
871
359
359
359
375
887
629
615
111
879
1007
958
814
958
942
684
676
400
128
672
192
161
173
676
588
772
908
844
540
92
344
836
280
830
317
445
373
245
759
995
706
658
730
1018
1018
1018
987
1018
874
810
490
434
442
290
498
882
379
378
888
552
362
459
475
505
253
636
639
767
703
687
935
935
679
711
647
775
935
903
903
927
987
987
987
395
463
447
463
623
623
623
551
359
359
615
615
871
875
875
458
747
747
743
102
239
227
35
553
680
808
748
682
808
888
890
878
335
847
878
623
638
616
618
874
842
268
303
319
47
107
617
633
763
763
763
251
507
507
507
507
434
946
402
274
49
288
420
484
510
414
406
414
510
466
466
454
462
239
175
175
291
50
288
288
34
170
170
682
683
1007
957
447
511
375
371
1013
727
757
759
1023
1019
507
511
383
381
381
383
383
383
604
604
664
250
378
494
494
493
495
495
511
495
430
382
494
302
302
490
491
1002
302
431
447
1023
1021
1019
1017
1023
1019
1019
1007
875
1007
1015
951
1015
1021
765
702
764
766
510
511
511
446
446
442
506
506
362
363
618
746
1018
506
234
491
943
429
933
932
996
868
870
871
107
107
617
617
616
108
100
124
316
797
909
929
993
993
945
977
835
899
787
787
539
553
41
41
425
41
355
323
259
259
75
486
367
867
610
611
867
767
767
767
1022
958
958
943
907
907
899
930
1002
1006
1007
999
1003
1003
931
999
999
1007
997
997
998
999
751
748
682
622
1006
1002
1002
1002
1002
483
491
1014
1014
758
758
766
700
700
604
895
1015
1011
939
683
683
547
591
591
559
533
517
741
749
765
749
1005
1005
1007
894
892
637
749
749
749
749
621
865
809
931
1007
879
895
127
831
831
893
893
895
895
895
639
383
315
335
965
965
901
965
847
847
333
301
287
311
311
407
511
475
467
403
419
419
417
419
443
443
425
953
953
1017
1017
1005
1007
749
687
687
685
941
905
912
913
947
434
318
310
290
810
522
585
603
890
571
559
1007
1023
1023
1023
383
303
943
399
399
397
399
907
905
909
907
651
139
235
491
367
351
894
94
350
334
326
838
879
879
838
870
874
554
814
839
963
962
843
1019
347
475
473
457
329
793
784
788
849
323
833
833
980
983
727
711
711
967
919
727
535
599
583
867
803
801
539
603
890
882
595
603
635
635
891
883
883
883
882
370
882
891
859
894
879
879
871
615
351
351
351
862
990
886
886
614
878
878
870
863
263
327
259
265
393
907
907
907
941
941
943
941
815
943
622
618
622
778
986
986
914
786
82
82
86
862
862
862
862
990
990
990
990
842
894
895
891
890
826
827
827
827
827
827
819
563
691
944
946
694
950
934
934
955
959
1021
996
742
1005
868
813
1020
764
764
762
634
634
638
534
592
592
528
528
592
880
888
632
639
639
889
889
633
889
633
889
377
504
376
370
114
226
243
755
115
54
54
106
234
186
182
247
435
418
435
690
434
418
754
998
1006
690
690
698
682
682
762
730
728
664
953
831
1007
975
974
878
878
879
807
691
689
913
657
657
661
692
800
800
808
826
826
826
831
831
831
287
286
283
287
287
411
443
507
507
511
1017
1021
1017
1019
875
634
379
122
1006
942
486
486
1006
934
932
941
940
652
652
142
159
669
157
159
927
791
807
807
807
855
855
975
847
847
855
791
895
879
878
847
909
973
708
612
870
867
867
835
843
857
787
894
895
875
875
803
803
871
883
979
983
899
983
983
983
855
851
899
643
647
775
775
515
547
546
546
547
615
609
999
757
697
701
701
687
175
431
431
423
437
431
399
143
751
765
765
765
764
766
765
255
247
631
567
695
119
511
503
255
767
510
910
782
798
982
1014
982
982
978
978
788
788
914
980
989
924
925
788
820
828
829
781
775
780
780
557
556
802
866
887
823
703
235
683
523
537
603
479
991
607
79
95
93
285
773
769
273
849
981
661
949
661
677
901
917
949
933
933
949
933
932
948
949
829
879
879
1023
751
743
741
741
675
672
421
935
879
879
879
875
363
875
802
546
802
515
651
683
739
715
731
698
698
762
746
1002
1003
1003
891
890
890
831
575
703
751
551
583
879
623
623
363
811
43
555
523
667
923
955
443
426
418
435
411
411
411
403
283
331
331
963
738
994
931
995
679
739
755
743
738
738
763
1011
1011
1019
1011
1007
1022
946
958
1010
1010
1014
947
946
818
882
882
371
626
562
554
810
811
831
543
759
759
1011
995
1011
738
754
1010
739
739
743
1015
1015
955
955
922
971
971
1003
1011
1009
945
947
435
499
435
499
183
182
438
180
176
947
947
432
946
998
999
995
739
737
737
737
737
737
609
864
867
867
866
802
35
303
815
829
61
573
125
125
636
120
591
599
639
607
95
607
607
583
869
871
997
997
373
1013
885
613
613
615
631
639
575
63
187
187
697
947
697
184
104
122
254
222
190
702
694
694
695
575
703
959
699
699
699
691
947
827
947
819
699
699
571
635
891
889
889
888
888
891
883
823
887
375
497
467
753
753
657
689
595
627
755
695
247
246
178
434
274
338
278
338
466
406
471
918
978
912
983
855
855
629
629
629
629
639
635
627
755
755
1009
993
993
995
995
675
75
587
611
723
755
699
187
315
890
1019
1016
984
824
856
888
827
931
675
646
678
679
687
687
679
678
694
694
694
702
1014
959
691
147
223
203
1003
939
939
1003
1007
999
935
391
391
423
487
711
965
725
629
885
885
885
852
788
788
789
789
829
797
813
805
813
805
885
1013
933
933
959
951
947
951
919
915
919
977
725
725
661
661
661
661
661
981
981
925
925
909
965
997
993
705
577
613
615
579
611
619
875
619
619
619
618
618
617
623
809
809
819
915
691
567
547
675
739
995
999
999
1015
1023
1007
999
999
999
999
1023
1015
1023
1023
1007
1007
1007
1007
1023
1007
1023
1023
1023
999
999
999
1015
1015
999
1015
1015
999
1023
923
923
923
699
955
1023
1022
954
506
434
438
950
1010
1011
1011
241
1011
1003
1003
499
467
755
754
230
226
226
242
226
243
243
230
678
691
694
691
674
674
690
950
698
575
575
575
319
319
511
375
311
821
813
559
943
1023
1023
1023
1007
1007
1007
982
979
979
971
457
329
857
859
987
978
850
850
848
594
370
358
354
609
869
869
1005
751
765
1021
1023
879
1007
494
126
894
894
878
1007
1005
973
1017
457
840
344
857
859
795
859
859
795
779
811
907
904
714
1002
938
939
939
942
940
1004
1004
1004
1007
1003
443
491
490
456
322
834
258
290
802
770
328
393
233
227
707
707
711
199
195
235
219
223
495
463
463
463
335
335
399
463
750
751
874
876
382
374
342
342
594
722
722
210
198
582
70
110
614
610
742
742
743
751
765
1023
510
383
367
431
446
669
733
717
669
733
541
799
863
851
855
790
790
862
863
862
982
854
325
463
463
463
463
237
253
493
493
1007
1006
974
410
394
1002
938
650
650
522
809
560
688
753
761
1017
1017
1017
1017
889
889
635
763
893
637
573
697
683
739
715
714
650
666
784
528
650
906
650
1006
1022
1006
1006
1006
1006
998
742
694
702
934
868
806
942
830
874
106
42
42
554
1002
1002
810
938
682
702
767
759
759
678
563
627
883
630
598
628
372
117
867
851
859
539
539
769
769
769
257
833
773
781
783
815
815
813
813
289
291
289
288
320
146
210
256
259
259
771
787
919
791
931
898
902
1002
1002
1001
1003
1000
992
931
931
931
935
940
940
484
500
420
436
436
436
286
285
269
294
271
303
319
827
819
943
941
943
959
431
495
511
511
1023
1023
1023
879
877
861
985
381
509
511
503
503
1015
1015
951
951
951
367
293
293
293
357
293
295
295
445
415
415
415
447
431
959
431
955
927
447
191
191
703
919
919
927
927
799
891
858
878
878
638
246
190
174
812
813
863
607
606
766
990
894
814
815
14
6
900
836
388
420
420
388
166
166
423
805
821
823
311
315
827
283
275
779
783
863
479
511
507
895
871
870
870
870
581
629
317
821
773
868
771
775
919
663
535
51
211
241
177
433
691
183
183
471
326
502
503
503
503
359
367
895
847
879
335
847
863
892
764
1020
380
637
381
317
293
293
305
433
443
411
411
395
424
424
1000
1000
1000
1000
872
808
296
488
480
504
248
249
123
123
379
507
507
506
370
337
273
304
304
304
304
310
310
310
318
319
51
307
283
287
791
823
791
791
663
671
543
829
889
889
881
883
883
865
865
865
353
353
97
97
105
105
105
331
835
971
971
971
490
490
494
490
494
490
490
483
483
499
503
487
999
999
999
1015
1015
951
950
758
894
884
564
816
561
633
633
765
1021
511
1023
1023
943
959
958
958
378
955
955
955
931
931
931
939
899
903
663
695
695
695
181
189
173
165
37
53
55
551
559
815
1006
748
45
45
45
745
480
356
364
372
1012
951
959
923
899
835
962
898
673
708
196
197
485
486
484
352
372
372
372
373
889
826
818
818
818
547
555
547
547
551
631
887
886
886
886
887
559
683
235
171
251
171
683
1023
1023
1023
1023
989
477
765
765
767
767
767
767
1021
1021
1017
1019
505
503
1015
1009
1023
927
959
959
1015
991
271
799
925
957
1023
1023
767
990
927
990
990
798
798
542
862
798
798
798
774
770
771
931
779
778
782
854
910
926
926
922
926
910
974
974
974
846
970
907
910
926
798
798
798
922
922
922
922
922
906
794
910
798
910
684
956
682
634
1018
766
766
766
958
942
943
831
959
959
959
959
939
939
687
559
47
299
43
11
27
63
302
490
362
872
360
810
810
806
838
902
998
998
487
231
495
495
999
483
485
501
983
963
867
879
847
879
1007
1007
1007
879
1007
427
811
938
683
938
939
811
939
955
955
955
959
959
947
951
871
807
957
447
871
935
943
911
431
942
930
929
897
925
917
1013
949
951
919
959
959
767
1019
1019
955
699
703
763
699
699
955
959
955
955
186
122
306
818
362
251
179
183
439
435
953
955
697
699
234
747
1003
747
1001
1003
1019
1001
745
1001
1003
1003
746
1002
238
1002
1017
1017
1001
705
737
737
737
753
757
753
697
627
699
571
635
571
315
851
883
819
821
317
25
269
813
941
940
1006
975
711
967
135
663
951
951
959
1015
1015
807
807
551
871
263
279
7
407
23
149
477
213
325
69
837
837
965
853
861
857
344
378
506
249
249
184
296
96
96
97
609
545
447
957
742
742
678
676
692
160
162
643
669
605
604
382
350
382
126
102
486
358
382
118
87
247
495
430
910
430
426
426
427
489
457
265
283
319
293
423
423
439
423
131
135
553
873
873
889
501
247
247
247
99
225
101
324
324
452
966
454
485
493
491
418
422
502
478
990
982
470
510
1014
990
922
990
978
402
770
770
778
834
323
323
451
451
487
231
707
211
495
511
767
862
607
95
93
93
345
89
249
249
760
761
248
168
170
490
745
705
641
641
3
198
410
410
394
898
938
175
442
939
490
489
1017
1019
1019
1023
1018
954
1019
1019
887
1019
943
959
1003
971
971
1003
971
1003
1019
504
1019
1019
923
978
919
919
919
951
919
661
693
951
821
821
933
805
679
679
935
407
439
951
955
703
439
189
669
917
981
917
661
671
413
959
951
791
277
371
337
369
373
887
947
945
688
753
979
1009
1017
1011
983
999
743
711
663
671
671
655
527
943
1007
815
807
933
885
887
119
127
126
310
54
310
791
797
789
785
784
825
825
825
955
953
957
959
959
943
939
491
1001
881
881
629
630
626
625
721
721
753
757
749
1007
943
951
1014
1022
991
999
994
736
992
888
880
816
830
831
831
815
803
259
291
805
805
949
949
183
183
191
191
927
414
447
503
503
487
495
972
716
748
1006
942
956
1022
1020
1022
1022
951
949
997
956
1020
996
1004
972
972
964
981
977
979
899
923
963
883
859
411
411
923
951
895
895
374
262
438
950
807
951
1015
499
1011
1019
1019
1019
949
311
823
831
831
955
951
948
828
830
799
831
895
893
885
629
639
603
635
121
361
365
285
287
31
287
287
319
831
319
319
815
447
815
815
803
771
771
771
771
777
299
301
302
814
812
876
811
827
811
811
803
931
935
935
934
899
931
947
931
931
897
401
273
307
163
170
171
683
683
691
674
931
875
585
717
744
747
675
183
317
429
655
143
671
927
918
662
662
534
534
562
858
875
875
811
875
875
1003
1003
1003
1019
891
627
867
354
864
898
896
929
416
481
455
455
481
225
97
113
497
498
1010
498
490
1002
1018
1018
506
362
874
811
523
559
527
14
652
655
654
526
782
311
831
942
703
959
830
958
943
815
775
295
417
899
771
555
547
943
943
815
831
831
1023
959
691
947
947
433
317
305
49
57
57
249
765
1017
1017
1017
1018
1018
1006
1002
1018
1022
1022
1022
986
922
920
1020
511
509
505
505
505
499
499
498
370
882
631
868
992
996
996
992
928
416
416
928
992
866
867
883
887
803
819
819
883
887
871
999
999
869
997
740
740
740
758
757
742
742
756
981
853
598
885
881
817
817
801
933
933
933
613
613
681
697
171
43
235
235
717
717
733
637
637
765
1021
1021
1021
1021
989
989
765
764
764
740
487
359
295
295
51
39
39
551
935
935
807
799
543
541
831
823
887
895
607
895
895
505
491
426
426
993
992
932
421
417
416
672
737
997
676
422
486
484
485
229
741
741
741
997
993
993
961
968
392
137
137
201
129
205
109
105
873
1017
1015
887
853
853
837
961
997
933
877
623
559
575
575
639
639
383
891
279
791
951
951
309
309
917
927
959
957
444
428
941
1005
1005
110
590
79
603
619
619
559
812
824
312
312
312
125
121
120
249
221
221
205
220
732
716
748
748
716
732
732
751
495
465
969
649
921
923
763
763
239
507
987
1019
1011
371
371
369
381
493
429
911
967
971
875
619
887
955
683
907
649
905
968
970
994
1002
1003
942
942
942
934
948
944
954
1010
499
1011
1010
946
690
434
442
442
418
930
610
418
440
416
360
378
120
106
235
234
202
714
202
214
218
219
219
475
203
299
299
59
187
427
483
483
483
383
382
1022
291
435
802
822
822
942
942
942
934
999
1007
1003
971
1001
997
1001
1009
849
965
724
724
756
628
885
857
857
985
1017
680
684
558
814
938
810
810
874
363
889
889
361
361
353
97
97
229
693
959
703
767
173
687
183
757
759
247
679
679
247
502
503
507
1019
1019
827
955
699
955
1003
995
1011
945
435
435
443
503
1019
435
179
243
503
439
503
502
502
438
1022
954
958
434
406
919
947
1009
977
915
907
991
979
978
978
466
510
1018
762
750
750
759
639
638
619
875
363
363
427
425
427
491
363
361
489
489
879
847
879
631
113
49
377
891
874
810
552
552
548
800
800
802
802
910
802
803
811
811
315
307
306
307
307
307
283
284
268
270
650
42
46
114
216
153
205
197
229
999
1003
1003
746
750
766
766
734
718
750
718
943
943
815
813
1007
1007
1006
751
751
719
655
607
599
607
607
711
719
623
767
703
703
703
559
687
559
559
687
551
559
554
546
558
782
783
783
805
935
791
773
773
773
773
909
773
773
257
769
291
819
795
861
851
835
833
576
704
738
974
990
764
996
963
835
579
707
579
867
867
995
998
998
1021
956
957
956
828
821
822
615
999
999
871
879
893
999
1015
983
735
603
603
603
699
731
1019
815
780
782
782
779
811
1003
971
1015
883
1015
967
839
851
851
851
759
1015
1015
1015
1007
495
511
891
826
830
951
1015
503
1015
1015
1015
1015
1015
483
805
548
556
556
556
813
316
284
46
783
815
1007
1007
1018
466
859
859
831
895
895
598
790
790
790
790
788
788
852
884
368
368
880
880
880
880
880
881
880
816
884
884
948
948
820
820
820
821
341
325
357
377
377
635
995
491
427
939
1003
491
507
491
488
460
365
481
485
229
229
485
399
399
431
303
47
55
51
51
187
411
953
953
667
923
914
914
976
752
721
915
851
882
496
112
80
80
202
112
1008
240
244
471
343
87
351
347
475
475
411
411
939
803
801
823
807
823
807
939
675
803
867
555
827
826
826
954
698
954
930
674
931
674
930
930
830
894
828
572
828
820
944
1014
1006
748
940
746
1003
1003
489
1003
1001
1001
1002
870
871
835
353
257
301
813
813
871
879
383
383
383
371
875
875
379
499
507
511
1023
1003
747
747
747
763
761
201
649
153
153
29
573
799
831
558
558
750
236
253
511
255
253
253
237
105
109
109
591
619
715
587
587
715
715
1003
1023
991
735
727
727
503
677
933
293
517
517
645
701
313
827
575
559
551
551
551
803
803
803
819
883
875
363
378
290
419
483
995
419
995
423
423
447
1023
862
350
482
354
355
609
549
513
291
419
419
167
175
173
701
765
732
732
717
716
748
748
767
766
255
255
767
766
574
831
831
1023
508
975
509
1023
509
511
1007
511
495
495
255
495
495
1015
1015
759
743
743
998
999
751
1007
1006
750
743
743
739
71
227
363
331
107
75
67
67
135
199
195
994
994
994
994
930
938
1002
1002
947
1010
881
859
1011
979
979
1011
934
422
422
38
198
140
28
797
669
533
821
823
310
372
336
464
138
250
635
763
763
635
827
891
890
891
891
842
782
300
36
166
162
226
226
226
226
98
51
950
951
951
1015
502
502
119
631
871
807
294
358
978
322
274
18
274
22
146
179
435
403
406
951
946
914
899
946
954
638
638
895
1023
319
47
805
820
948
820
62
62
127
239
739
675
679
679
679
39
515
7
405
277
404
277
605
605
797
925
949
401
945
940
812
812
293
289
277
273
273
280
270
314
280
330
318
318
62
575
703
1023
1019
891
895
1023
1023
252
255
446
958
1014
503
439
435
487
487
419
928
644
944
946
910
942
750
1006
1020
996
484
332
828
940
940
780
988
348
884
117
629
629
895
1023
885
765
765
701
701
189
701
959
957
1023
766
623
559
783
775
551
545
555
547
551
806
942
431
430
942
958
814
302
300
365
383
365
365
879
847
879
879
879
879
879
879
879
623
623
367
495
463
719
493
751
939
425
427
425
433
497
313
373
117
381
893
383
319
319
383
439
487
431
423
311
375
368
369
505
369
369
1011
1009
993
995
323
371
369
369
371
359
359
359
359
325
333
329
859
369
881
564
830
30
60
59
563
787
818
946
689
515
515
673
929
928
932
933
805
807
551
805
685
685
941
959
447
431
999
999
999
999
933
933
949
935
935
933
933
933
949
1021
734
670
694
822
822
886
886
886
886
886
890
1002
906
906
779
1011
1011
499
451
451
483
1011
947
947
1023
877
877
869
877
997
996
932
678
678
934
166
390
422
422
422
421
421
357
357
355
363
295
299
266
259
259
771
807
551
566
562
720
968
872
628
569
690
528
522
682
171
691
171
35
163
675
755
679
935
935
927
959
959
503
503
497
497
499
471
470
215
215
151
437
417
417
417
929
900
916
916
916
900
897
899
899
899
899
419
419
431
935
934
934
646
966
718
706
718
732
719
719
494
446
159
191
191
191
191
191
447
191
959
957
831
863
863
863
863
894
862
862
863
863
863
847
847
878
878
462
334
268
908
300
301
301
381
269
557
621
557
678
932
1007
933
420
295
295
367
335
111
238
234
203
233
233
227
233
251
123
891
891
891
379
379
635
127
623
623
622
540
798
774
774
822
294
551
615
743
111
239
111
559
47
367
383
377
381
573
637
313
881
299
315
315
315
315
495
495
355
867
623
623
627
1011
883
883
883
883
891
891
635
633
762
890
889
893
575
559
815
895
375
369
881
885
1013
1011
1015
1007
1015
725
725
725
717
237
229
245
229
245
229
165
165
940
172
941
941
941
957
829
829
829
829
830
952
1008
1008
1016
1016
1000
1003
611
875
874
870
631
567
631
631
631
855
903
915
953
967
1001
943
943
903
903
967
919
919
647
655
527
607
94
638
574
826
574
554
830
831
1005
1021
1017
1001
1003
1003
1003
1019
991
1023
1003
491
1007
751
239
239
47
15
138
42
552
520
522
585
633
639
639
636
574
795
539
587
619
587
875
587
619
619
619
747
747
1003
875
875
879
879
879
367
303
299
303
303
383
383
879
831
1015
887
821
821
887
821
567
575
831
827
313
825
825
889
889
1017
441
431
363
367
445
440
778
847
719
527
522
526
591
527
703
703
763
763
1011
882
850
770
801
770
902
838
582
647
650
527
707
562
802
818
819
819
819
823
823
23
23
19
27
27
571
573
637
637
893
383
639
638
862
862
987
859
987
475
729
732
731
219
217
221
254
762
254
1004
206
494
492
428
396
172
173
172
173
653
717
589
623
551
551
547
802
807
614
614
623
590
590
111
359
71
71
71
87
338
342
336
113
249
253
253
117
375
370
371
379
123
95
351
479
347
987
1019
955
955
303
319
375
341
469
502
949
825
860
888
857
793
952
856
891
831
827
827
571
827
819
787
274
323
331
841
393
267
275
787
307
379
379
371
371
51
563
565
567
183
183
693
151
151
407
438
502
246
246
502
468
497
509
432
563
543
563
912
912
790
799
335
783
847
713
137
139
139
650
942
431
443
511
507
443
443
155
155
459
155
187
139
675
751
895
751
623
616
1016
632
632
616
636
701
697
953
953
697
953
697
952
952
952
952
944
946
953
944
944
932
956
958
959
959
943
943
1007
491
235
483
483
1003
491
491
1003
491
459
459
458
970
1001
1003
1002
1022
1002
1002
1002
1003
874
874
970
1003
1018
1018
1019
699
571
651
715
203
137
425
425
936
936
809
521
857
920
920
536
592
80
370
51
51
639
639
123
627
115
563
531
659
659
659
915
787
791
855
343
855
853
855
853
887
887
758
998
950
951
695
927
926
926
926
958
958
1022
926
926
926
926
942
934
934
423
295
303
942
830
814
558
559
557
685
429
175
175
175
191
191
63
317
447
447
445
317
1021
381
381
892
892
894
126
380
894
862
894
374
286
318
286
310
310
501
501
501
989
957
957
927
919
949
1017
1009
881
865
869
809
881
1009
1009
465
209
239
327
337
789
275
339
339
339
275
339
370
375
338
368
818
947
951
755
755
723
593
337
83
83
81
882
882
818
816
880
337
849
277
849
889
361
377
377
361
357
353
489
481
505
504
248
218
506
507
507
418
298
378
378
859
506
506
1010
498
1010
1010
1010
1010
498
818
946
914
942
937
902
902
838
838
838
614
626
635
755
759
759
755
755
755
674
675
683
699
763
762
754
118
1018
746
738
722
758
999
615
631
887
630
626
880
868
880
881
373
881
872
876
328
876
878
814
810
938
674
696
882
870
839
835
584
584
840
873
824
888
890
1002
747
747
747
683
931
931
931
931
931
931
931
685
685
940
910
398
430
430
461
463
492
489
505
509
509
507
477
469
497
953
947
951
957
1023
1021
985
923
905
905
905
683
683
168
232
170
426
938
938
954
826
810
814
958
698
696
184
43
297
47
45
53
55
379
371
379
315
313
315
307
51
307
307
127
127
379
59
59
183
487
487
499
483
737
757
757
1013
215
215
215
466
339
219
91
923
537
537
585
971
899
915
923
923
923
923
955
954
954
442
498
250
250
114
242
235
1003
1002
993
995
1009
1009
977
977
961
963
929
945
945
945
915
433
433
417
449
449
453
229
199
199
455
195
195
71
103
71
71
71
583
167
231
231
231
167
231
103
614
550
558
575
699
699
687
559
623
621
879
871
807
999
879
639
639
619
619
619
635
123
107
323
355
267
267
351
349
863
863
351
282
282
827
955
827
495
495
365
878
870
878
894
1022
1022
1022
1023
1023
735
767
766
894
118
118
118
119
118
119
563
562
703
175
203
731
475
467
979
1019
1019
1011
945
823
944
945
401
465
1011
995
995
1003
891
1023
511
447
447
447
827
825
299
297
299
827
795
779
283
779
523
529
529
819
823
827
299
315
879
875
875
811
879
895
955
507
299
815
815
1007
815
303
879
871
871
1003
1007
903
679
679
943
934
998
998
486
494
1007
685
957
1021
957
958
915
982
919
947
435
255
243
243
755
755
755
759
727
727
1023
1023
1003
235
235
227
175
447
319
31
22
54
698
954
306
530
530
532
528
528
530
524
528
532
528
530
562
818
306
306
306
818
310
310
822
310
310
823
807
38
546
770
912
946
946
946
423
295
263
263
771
803
946
915
921
921
923
913
945
945
937
445
945
945
1011
999
999
501
757
1013
885
853
885
885
881
827
895
570
638
618
586
858
794
602
571
922
699
667
651
906
1002
1018
1022
990
988
734
1006
1007
491
399
655
927
671
703
446
440
507
507
1019
507
507
507
507
507
507
507
507
507
413
413
413
413
285
285
413
317
309
293
485
453
453
269
301
301
431
933
805
821
999
805
869
487
487
869
485
1009
1013
501
1013
373
503
503
503
821
953
1017
760
760
765
765
741
679
740
964
964
964
909
653
719
719
767
711
759
758
983
1015
1015
999
999
943
957
959
1023
1023
1015
885
885
628
861
861
861
861
863
787
83
3
91
283
539
827
815
875
890
634
566
822
822
886
884
880
850
342
850
595
534
22
823
55
575
831
831
575
813
815
874
558
558
550
630
638
635
123
639
639
639
623
879
815
815
995
994
736
746
612
374
116
117
373
373
509
220
472
472
472
856
216
219
219
219
464
499
371
337
259
839
259
259
915
147
755
115
739
579
195
224
459
331
363
299
427
423
487
487
359
838
775
771
771
834
866
833
961
961
963
963
744
1009
753
945
695
695
691
689
945
881
499
1011
1011
994
995
995
995
1003
739
995
945
933
549
545
545
930
898
898
672
740
711
999
711
707
963
993
963
971
395
715
203
195
483
929
930
1002
1002
1001
877
1007
999
999
231
743
709
741
545
289
417
435
915
915
690
514
580
596
598
598
854
374
502
499
211
150
183
166
135
167
395
931
403
402
466
390
391
903
679
929
905
907
911
939
930
930
682
938
674
938
910
646
647
655
907
907
683
171
233
235
230
102
102
579
614
750
615
615
95
639
639
895
1023
1023
958
959
926
670
671
607
31
95
351
895
894
894
891
891
827
827
819
563
831
571
955
946
954
698
699
691
626
754
723
87
211
131
674
931
1007
847
847
845
844
876
872
864
870
864
610
706
706
710
214
150
154
330
456
458
458
874
895
893
1002
874
810
811
555
555
171
427
427
815
813
956
956
441
1017
505
1016
1019
953
945
947
275
307
305
273
273
273
273
145
667
409
487
487
487
487
197
221
510
991
927
927
927
571
891
883
891
819
787
787
819
627
594
115
233
225
995
482
866
867
867
834
834
322
346
830
894
894
894
895
891
888
826
924
900
900
900
900
422
262
295
260
264
8
216
248
392
920
780
780
780
876
876
780
780
892
764
732
988
733
735
729
985
989
1021
1015
1015
1014
1014
1014
1014
1015
1015
1023
1023
895
895
895
895
878
878
814
878
878
591
583
583
583
711
963
995
997
997
999
739
711
659
675
931
931
935
1003
745
750
703
703
1006
1006
1006
750
1005
493
493
239
239
727
727
703
191
213
212
90
379
307
311
819
823
311
405
917
917
901
932
996
1004
1006
1006
876
806
886
812
812
829
829
828
828
828
956
957
957
957
701
829
879
878
828
830
572
572
572
574
829
828
796
798
798
862
351
335
847
847
975
879
975
1007
747
747
491
841
457
966
646
647
677
741
741
993
609
609
608
609
609
617
609
609
611
579
618
710
742
738
946
946
899
930
994
994
742
622
875
875
879
622
622
879
1007
1007
943
943
679
423
430
430
943
813
941
941
815
623
111
367
365
109
623
871
887
1010
1011
931
931
935
947
1009
976
960
966
903
903
903
919
918
916
484
99
35
43
139
643
515
643
899
755
763
635
635
635
627
624
26
153
17
16
419
931
897
801
289
275
275
359
487
423
439
407
499
427
463
903
903
935
815
774
774
775
519
871
870
870
870
870
886
951
935
943
687
939
810
1002
1000
509
491
488
808
296
826
826
795
799
983
983
727
982
468
460
972
1006
1004
1006
1006
1022
1022
998
931
928
496
960
960
456
712
458
490
446
956
940
941
937
937
957
957
953
1013
945
933
929
674
198
206
206
170
427
447
955
1023
1023
499
499
467
315
503
438
831
831
799
959
959
959
951
959
943
415
443
443
507
490
458
459
202
195
211
78
110
490
461
239
747
1003
995
995
867
881
881
633
1017
745
457
457
457
493
381
509
509
1021
1023
875
879
879
1003
713
847
623
615
839
783
415
467
475
491
491
971
1003
939
875
1007
1023
991
919
1022
888
885
613
577
609
985
921
923
794
283
939
811
811
810
936
682
554
938
939
683
931
803
555
747
743
615
741
645
645
581
869
869
869
805
261
263
391
773
263
917
789
821
822
788
820
822
950
822
822
1015
1015
951
947
914
726
722
725
725
726
726
1014
918
914
918
389
179
147
403
435
423
447
959
190
766
703
188
252
152
152
92
588
664
604
860
1022
1003
875
1007
1007
1003
1003
939
427
427
427
907
393
393
393
905
683
683
547
551
679
679
675
651
651
707
994
483
679
549
612
630
894
862
894
638
575
575
571
691
945
929
929
1000
457
971
987
919
983
967
999
487
999
451
903
935
1015
1015
1014
1015
945
933
805
817
817
946
1014
998
964
1009
899
437
439
951
951
951
823
951
806
820
884
880
624
628
872
761
752
944
947
822
806
806
807
611
747
747
235
431
227
423
427
939
761
761
761
825
747
747
953
699
667
155
667
786
851
851
859
603
987
779
777
803
803
163
163
307
951
551
291
179
183
407
775
919
918
902
903
643
899
519
519
775
774
834
982
322
966
850
978
914
658
690
547
743
695
951
931
1010
946
915
979
979
835
611
559
551
551
39
47
567
571
827
571
619
571
571
559
551
775
1015
1013
820
812
780
924
924
909
668
989
925
477
159
159
159
349
349
501
97
107
234
1002
1000
1016
1020
1022
990
1018
1018
1018
762
758
756
688
560
568
892
616
636
636
701
765
764
1022
1022
1023
507
506
383
383
383
303
319
317
824
824
892
892
629
620
366
615
100
101
116
245
245
229
199
165
103
103
102
358
358
358
326
326
342
342
342
990
986
1017
505
947
305
307
307
371
851
787
855
855
599
855
855
855
855
787
531
851
827
826
314
819
831
831
831
311
311
55
51
51
119
375
115
115
562
562
826
630
624
880
872
744
681
811
553
296
297
299
815
303
831
63
319
311
563
569
1001
489
1005
1004
1004
1003
815
366
366
366
877
1005
876
840
864
840
868
869
773
789
821
829
1021
1005
1005
1005
1021
1020
892
895
879
111
364
110
109
461
993
865
585
577
835
963
771
815
871
100
101
677
293
481
128
128
68
581
581
197
225
452
68
68
836
836
839
871
874
875
867
871
871
871
868
804
814
782
526
522
714
707
192
722
747
555
683
211
706
618
616
612
614
578
323
339
327
327
839
879
879
559
558
559
558
815
806
551
551
614
870
846
942
894
876
878
1006
1006
878
882
882
1010
498
947
1011
1011
1011
887
1023
1023
895
863
991
863
855
983
999
631
630
599
351
506
506
1002
971
971
967
997
999
1007
1003
1019
891
891
827
826
178
954
939
923
923
955
1017
1023
1023
958
954
944
945
945
945
947
827
827
307
819
787
794
858
794
926
990
990
990
990
990
854
886
990
990
983
1014
886
1015
1014
863
862
92
92
632
632
752
720
752
499
499
467
467
467
339
794
538
538
538
794
795
667
907
643
706
706
258
358
353
369
880
820
822
822
818
819
885
887
863
895
863
862
862
926
918
927
923
923
795
774
775
775
671
987
987
987
987
923
923
955
443
447
443
443
955
555
939
683
559
831
699
763
251
127
127
187
315
59
43
59
954
952
954
1016
1017
1019
1017
1019
507
507
507
507
475
459
475
187
671
671
219
251
475
474
250
219
251
765
767
1023
959
959
943
942
958
959
959
935
167
247
229
101
37
103
55
175
671
527
591
723
1010
1014
1022
1015
503
510
446
447
954
442
442
958
959
958
954
1019
954
442
511
509
125
895
561
629
639
127
127
127
47
55
46
694
694
182
46
366
702
927
919
439
919
663
927
927
991
767
255
471
486
502
1014
994
1022
995
1011
1010
1010
1014
882
754
986
842
874
363
459
491
363
111
111
107
235
255
235
203
79
79
219
153
187
187
231
226
614
740
1006
582
871
999
711
983
215
215
203
335
75
587
843
363
971
907
975
991
975
915
915
147
471
211
351
191
507
1003
939
955
955
819
827
803
939
831
831
575
573
541
651
427
291
355
369
337
67
71
67
99
551
555
875
619
315
553
585
843
859
891
891
347
856
858
826
956
1005
1007
959
927
959
959
959
959
959
959
415
927
927
399
415
447
511
495
495
431
943
943
939
907
923
899
899
906
386
129
129
641
912
913
912
912
913
912
915
915
921
922
913
923
922
978
982
962
970
841
986
907
651
651
670
665
655
651
650
650
522
574
702
927
959
943
815
782
974
1007
1019
1019
1018
370
1014
1006
975
974
938
938
938
782
910
987
927
975
894
986
978
1010
950
950
660
663
703
935
935
819
563
546
802
802
803
802
954
698
734
726
726
727
723
977
1009
1009
1009
881
368
368
352
769
833
837
869
996
1013
885
1013
1012
1021
509
505
249
765
701
953
955
819
823
305
289
289
297
297
297
37
38
37
3
259
421
295
295
307
499
211
211
241
499
242
242
498
371
368
369
1008
1012
1008
913
817
825
825
825
313
57
985
471
471
471
727
927
927
479
735
537
25
273
369
625
889
891
891
601
633
113
120
888
860
860
968
746
640
842
842
331
106
107
363
875
831
823
887
895
823
375
823
503
823
1023
975
751
167
163
163
59
826
891
874
1002
998
995
931
931
683
811
939
939
937
953
507
251
251
767
767
629
741
247
1012
1012
996
934
494
508
494
446
444
828
878
1002
994
738
983
887
631
735
653
685
812
940
1006
1007
879
874
890
826
314
318
62
126
380
893
877
877
877
877
847
591
607
735
607
607
605
733
637
637
127
575
569
569
571
575
797
1023
1015
1015
887
853
375
353
305
369
357
485
373
357
485
453
365
381
361
297
361
331
347
859
859
851
979
967
711
591
844
846
798
798
798
798
862
862
862
862
836
844
836
580
580
564
276
332
79
367
79
95
95
383
511
1023
767
831
687
445
429
175
163
232
748
249
505
509
509
889
879
1023
1019
1019
1023
1015
1013
501
485
485
453
236
108
302
364
316
126
558
189
189
145
164
548
521
521
25
25
703
126
28
60
62
118
375
311
309
257
257
257
833
577
513
768
792
794
795
795
795
907
923
827
777
777
779
833
867
819
883
871
871
359
887
895
895
895
895
891
891
891
794
794
650
410
410
927
959
829
813
773
789
789
789
797
799
798
790
791
311
575
575
831
831
895
831
831
565
567
59
41
62
307
275
275
275
275
775
283
283
27
51
435
411
3
259
271
395
435
435
947
947
953
929
929
931
955
911
399
911
399
943
431
943
687
911
941
939
419
291
387
395
395
299
907
939
1007
995
227
227
751
623
622
110
366
1003
426
170
170
546
554
810
422
422
826
826
826
894
862
858
962
194
995
995
995
995
707
709
964
324
268
364
366
366
14
262
167
167
423
243
505
505
433
401
937
929
931
443
435
435
435
435
499
502
502
502
502
438
442
954
187
179
947
183
191
253
255
253
508
317
63
311
511
511
1021
1021
865
883
787
531
563
819
947
947
951
957
949
812
829
996
485
997
485
421
437
341
17
21
153
413
657
145
434
434
446
379
511
503
495
431
943
685
685
685
677
549
261
389
261
385
155
155
923
913
785
917
919
919
919
951
935
935
935
243
243
242
242
170
480
490
459
491
67
355
355
417
929
929
929
935
687
715
651
681
425
425
168
168
672
688
688
697
187
946
502
1023
503
437
993
957
697
185
697
681
553
299
431
397
903
919
919
983
983
855
983
511
375
1015
1023
1019
985
987
1019
1018
1019
891
1019
1018
1019
891
890
890
890
634
635
634
634
634
1018
954
1000
696
702
696
544
803
803
875
379
427
426
426
426
426
137
169
113
83
51
179
295
292
404
432
308
256
297
173
191
175
423
307
423
959
703
191
191
700
653
541
552
648
680
939
943
955
1019
1018
1018
1017
1017
981
1013
1009
1016
1009
929
993
993
993
993
993
937
929
937
1007
1007
935
997
751
747
747
751
613
885
597
597
597
635
627
611
235
745
619
570
638
372
764
748
1004
1006
746
614
619
617
559
623
617
557
553
891
889
889
891
831
827
827
885
877
877
1005
1013
885
883
881
370
995
995
1003
1019
1021
693
753
628
692
756
624
890
858
842
585
843
857
817
820
820
822
438
182
438
502
502
869
839
839
1015
1015
503
502
887
887
882
882
882
1010
1018
441
504
507
505
441
506
506
508
504
496
209
208
736
767
223
233
409
153
393
233
673
161
433
437
437
389
965
967
903
455
903
933
685
677
956
697
952
443
442
446
418
802
994
995
931
931
931
995
994
946
442
411
403
947
947
435
499
947
923
954
930
802
818
946
946
986
442
506
490
506
922
1019
926
990
974
1006
684
942
426
394
490
490
490
490
890
986
975
971
463
455
406
471
467
451
995
939
1003
939
1003
1019
1023
951
947
1011
883
895
893
829
1013
893
573
701
765
767
511
507
376
856
889
891
887
887
239
366
623
623
623
615
614
614
578
770
770
778
842
878
559
783
843
842
794
794
850
338
850
851
787
275
787
835
769
835
323
347
347
75
331
367
383
447
315
447
507
511
511
335
779
923
922
955
955
1018
1018
1016
760
763
509
477
893
381
381
373
307
187
186
254
62
238
238
238
750
702
702
702
702
189
169
681
677
676
685
164
222
223
203
143
175
139
701
693
757
765
753
753
755
79
31
187
763
761
1016
938
984
986
984
728
600
634
888
569
729
700
701
863
974
652
906
907
907
903
935
959
959
927
959
956
954
952
942
956
908
969
963
967
847
799
958
948
948
932
420
388
398
394
907
897
929
928
803
803
814
830
883
883
891
763
639
894
1010
1013
1009
977
1009
945
944
941
940
908
908
908
905
905
899
963
331
331
850
976
985
825
812
812
813
845
877
877
877
1005
943
975
975
863
863
893
829
815
815
813
809
825
827
819
555
555
787
787
883
883
867
875
619
840
883
883
883
1015
1019
1019
490
250
178
947
931
955
939
811
803
811
811
811
811
811
923
987
963
963
979
979
977
979
1011
979
979
961
961
963
914
914
786
770
770
771
1003
491
235
491
387
267
387
913
769
769
273
817
817
891
891
883
831
869
877
1005
1013
980
852
837
844
861
836
580
518
551
679
759
695
695
831
831
831
695
951
947
465
401
419
385
389
391
935
999
999
1015
1015
1015
999
887
855
867
851
887
883
115
627
375
503
439
439
499
243
247
763
243
33
547
563
947
691
551
819
947
945
435
235
171
679
679
679
39
167
55
567
55
695
701
703
703
573
699
699
555
575
575
703
183
181
245
759
759
759
755
611
553
37
227
291
291
39
35
303
303
303
319
301
301
813
829
829
827
826
314
443
697
617
745
495
303
15
175
143
925
141
925
918
898
675
675
675
547
803
867
879
623
622
238
110
623
111
239
247
567
675
673
753
697
617
185
443
443
443
443
319
61
830
569
811
879
359
359
371
115
115
755
1009
373
116
760
100
624
754
886
366
334
334
842
862
1022
694
702
958
702
698
698
699
603
795
802
802
886
886
1010
1015
939
937
939
1001
1001
937
993
448
480
433
801
292
365
877
865
865
865
589
607
606
590
527
590
835
835
1011
947
743
743
759
627
627
850
979
882
866
354
847
863
989
767
751
750
878
1022
998
1022
878
1006
874
622
634
634
626
850
856
792
793
825
827
827
888
568
571
633
633
633
824
824
880
627
631
631
631
628
100
868
887
383
895
895
831
830
895
893
895
889
891
635
635
637
93
221
413
189
191
575
567
949
437
183
415
927
991
479
479
991
983
967
999
759
753
737
963
963
995
994
994
938
906
282
286
28
281
345
79
79
46
270
174
174
10
667
927
927
382
382
382
991
991
991
991
478
862
863
863
335
463
479
383
383
495
335
975
975
991
1007
991
987
1003
1011
499
1011
355
362
490
430
430
910
782
778
902
963
475
459
489
497
499
249
249
491
227
227
483
487
483
962
979
963
979
977
985
731
731
987
635
891
635
595
883
631
629
628
759
951
1011
755
763
763
889
893
893
893
889
602
638
862
638
626
882
858
171
936
730
986
979
979
849
115
115
119
127
127
123
123
633
569
633
637
765
636
620
620
620
524
544
672
673
649
650
616
1000
872
873
781
909
1007
751
766
764
766
764
988
988
958
958
988
988
990
990
350
842
362
362
378
296
379
315
377
362
360
488
296
940
812
894
636
620
1004
1012
995
963
963
963
195
195
331
363
99
96
107
609
612
869
608
610
610
98
355
355
363
367
111
748
748
975
493
381
317
573
572
696
944
752
1008
1008
1016
744
744
620
684
556
527
623
615
623
639
623
631
631
887
1015
982
1022
1015
1023
1023
895
967
455
487
487
358
358
486
366
486
994
486
423
455
451
454
354
867
993
737
755
736
608
624
624
752
752
624
752
562
514
514
522
642
650
642
614
688
689
689
689
689
433
433
825
953
953
568
569
169
57
537
635
539
59
51
51
307
307
275
771
785
787
854
342
340
887
339
339
274
274
338
274
786
530
18
258
770
801
803
821
821
805
807
295
295
807
807
295
807
935
678
932
932
992
996
711
708
756
756
756
996
1004
238
766
700
700
669
924
916
1012
501
949
957
997
881
501
381
381
319
447
439
319
295
319
319
319
315
825
817
817
371
374
374
381
126
117
252
700
764
749
239
239
255
671
959
959
827
575
959
959
319
319
191
127
351
343
343
343
287
959
383
383
319
63
239
511
511
991
759
631
549
929
951
953
921
905
937
681
937
941
901
769
905
905
909
909
905
136
908
940
988
341
496
1009
497
995
999
997
997
993
993
995
643
643
675
675
739
706
742
742
948
876
812
780
844
844
845
863
799
332
460
20
84
199
7
519
579
595
595
535
863
813
653
175
39
559
682
555
687
702
810
570
570
698
574
314
58
59
59
447
958
447
447
431
183
439
147
49
313
347
411
159
443
447
445
444
436
434
951
944
944
952
953
949
947
946
947
703
959
689
499
497
467
147
163
447
443
441
442
1019
863
350
351
343
327
863
367
1006
718
758
742
722
706
758
718
730
730
762
755
747
747
745
761
728
713
713
1002
1003
713
745
746
746
730
763
747
767
251
251
239
235
239
1023
767
767
255
239
365
359
375
375
383
503
503
503
502
510
443
443
447
447
443
439
439
439
446
958
950
422
878
1002
1002
1022
1022
895
895
895
127
895
893
875
890
379
379
379
377
868
878
870
910
876
884
887
1015
1011
1011
1019
1019
1003
1019
863
991
863
315
491
511
503
503
439
439
431
482
995
930
1019
1019
891
895
891
635
843
779
779
907
427
427
419
419
931
931
963
867
611
747
1003
491
1003
931
999
1007
494
495
495
495
495
1007
879
878
974
942
814
806
559
559
559
814
828
796
796
780
844
860
860
829
877
877
361
299
363
329
329
361
329
91
325
81
81
67
83
243
227
107
227
225
232
233
233
957
1021
1021
764
1020
1020
1020
892
894
892
861
347
891
1019
507
987
475
507
483
931
947
959
959
430
1006
1006
974
994
994
994
490
462
846
334
846
847
895
383
895
511
511
1023
1023
991
1022
510
507
499
499
499
227
115
375
631
631
887
631
119
119
86
599
599
118
94
350
863
927
927
895
894
622
815
527
781
781
797
557
813
775
901
647
135
679
999
883
1015
758
694
934
950
503
499
243
243
146
658
691
914
880
753
624
48
564
624
624
625
880
881
887
1014
502
357
995
995
999
1015
503
1015
471
471
277
263
327
455
391
295
294
260
420
678
654
518
518
518
518
550
566
518
582
582
846
837
709
741
628
629
629
628
630
631
625
561
944
827
547
827
875
871
879
895
799
859
843
851
851
1003
971
968
960
964
988
990
990
974
982
980
850
982
990
982
998
358
951
935
933
935
943
941
943
1007
943
685
997
685
549
553
43
41
41
41
233
745
549
557
37
289
353
353
225
225
225
161
225
737
737
737
737
963
931
673
931
427
1002
962
839
963
843
331
843
843
837
835
835
961
961
961
963
961
969
971
987
988
991
895
894
826
1018
1023
503
1014
1014
1014
1014
1014
1010
950
754
722
690
694
695
629
693
759
567
183
215
727
725
599
727
215
407
407
287
287
351
347
379
871
887
359
871
613
617
619
617
619
811
939
939
947
923
799
795
831
437
949
959
959
927
959
447
191
159
159
159
159
191
159
143
143
431
943
935
951
935
932
928
928
936
958
938
430
430
430
430
942
942
687
623
879
895
639
1011
630
614
614
630
112
624
626
818
816
824
824
792
796
824
828
829
825
793
829
821
948
180
694
